4.325821667698895 0.5499999999999999 0.75 0.5333333333333333 0.74 0.9999906387432874 0.9880861603330168 0.6407593985400813 0.6864211561880438 0.5082380900222355 0.5377117401375909 0.25977242657257715 
6.693568090058152 0.05 0.85 0.0 0.8585714285714285 0.9999059835071059 0.017030898231950923 0.212967838894024 0.9998004978400875 0.4587825016136355 0.7174802584050075 0.12681905232351814 
6.604189509478351 0.25 0.77 0.26666666666666666 0.7603571428571428 0.9986425569749762 0.0736166471874404 0.26429417182095083 0.9991831520467133 0.43197543756052026 0.33642548056846994 0.7720213704956627 
0.8395970871184292 0.75 0.8300000000000001 0.7333333333333333 0.8214285714285714 0.9999269734884386 0.6999597500319156 0.7094895120033099 0.16202376667190693 0.6512097997073586 0.6856078072465637 0.11518221448115462 
6.508137672005781 0.44999999999999996 0.6900000000000001 0.4 0.6967857142857142 0.9996112837605907 0.18927844717520959 0.33753446212249133 0.9993937253523415 0.4038371283416641 0.4428093454970066 0.7746097862532152 
6.7439695465629 0.05 0.7100000000000001 0.06666666666666667 0.7067857142857142 0.9998485525898558 0.10212535517725857 0.32153191349960264 0.9996007619663769 0.44615401974152713 0.7186180034403438 0.12584310286708872 
7.137632600659068 0.44999999999999996 0.47000000000000003 0.4666666666666667 0.46535714285714286 0.9996803458035681 0.2162840333314784 0.8397491688828068 0.9998529192631835 0.4370273627230107 0.4838779634231376 0.9503968095158711 
1.3987974799660563 0.15 0.97 0.13333333333333333 0.9689285714285715 0.9930445364955 0.9687996728941491 0.1561481252871682 0.3546111736262336 0.2564751840436337 0.47873171908820433 0.9963925611326814 
6.320141432957573 0.44999999999999996 0.73 0.4 0.7246428571428571 0.9994352462875387 0.12922359269751468 0.33762355972696323 0.999699503386996 0.403658625176637 0.44797219016654427 0.7739749808821563 
6.6063538104909965 0.25 0.79 0.26666666666666666 0.7889285714285714 0.998675723559495 0.08203244696917023 0.2461034196969661 0.9998891334562399 0.42664152026275703 0.326914020250541 0.7561997973086726 
1.4327415209260752 0.5499999999999999 0.81 0.5333333333333333 0.8 0.9991612295648101 0.07669432094484653 0.6929331081499672 0.2611288413023065 0.6473747812773187 0.6149582550470354 0.15610982050935485 
6.27159811841124 0.05 0.9500000000000001 0.0 0.9446428571428571 0.9998240081177725 0.06362795081525352 0.11537876075314044 0.999696565647766 0.4188054428238585 0.7808329702155847 0.11833197145864889 
7.192385865129932 0.95 0.5700000000000001 2.466666666666667 0.5721428571428572 0.9999643737102661 0.09834137193650395 0.8930157910502401 0.9999029202337573 0.4857293428067496 0.4625452931382343 0.9977120675805943 
0.9186441650063749 0.95 0.8300000000000001 0.9333333333333333 0.8260714285714286 0.997515881387034 0.7369032261106189 0.7084795271134493 0.20135313272425454 0.6617455054182185 0.6275502745335558 0.14657156923591202 
6.782067789051725 0.05 0.65 0.06666666666666667 0.6403571428571428 0.9996648462788393 0.16663791934930317 0.3874308793291369 0.9999817306883932 0.4452562524347328 0.343105632324728 0.9265744984324754 
7.107735996300717 0.95 0.61 2.6 0.6010714285714286 0.9999697489928432 0.14109224565181458 0.666257849581117 0.9999028129898566 0.4476288570757597 0.38918932755359986 0.9736873718744455 
1.253511683961746 0.44999999999999996 0.87 0.4666666666666667 0.8632142857142857 0.9997329078681605 0.9994938762821143 0.35151904252432015 0.2635202537209871 0.3879586566836291 0.7508946613982898 0.9718671651015405 
5.515924954839918 0.05 0.97 0.0 0.9614285714285714 0.9993173063819897 0.09824131544834543 0.13511653591087375 0.9121080059032661 0.38868047452279963 0.7649749153093373 0.15872178576425083 
6.762150064846804 0.05 0.77 0.0 0.7671428571428571 0.9990465086935093 0.005981365101475705 0.26371671302069666 0.999707094443476 0.4253886492082847 0.6952248421124037 0.09764141283634473 
7.048902435179651 0.25 0.59 0.26666666666666666 0.5832142857142857 0.9998689024018401 0.16484053940268611 0.6263379237548412 0.9998437718906935 0.44445140561837104 0.3566002377032171 0.9540135998577507 
5.046659639807678 0.35 0.89 0.33333333333333337 0.8842857142857142 0.8201827917500111 0.10243509807380792 0.2180143736058867 0.9991752823731376 0.4327349419760229 0.4022572475478655 0.7880303774200501 
6.959618514870986 0.25 0.49 0.2 0.49892857142857144 0.9999976622547663 0.034363892084973924 0.9718691770307961 0.9996795197585496 0.5557725786104225 0.6215762140389032 0.07873297531648128 
4.5204862786431175 0.25 0.97 0.26666666666666666 0.9603571428571429 0.8193828994218133 0.10134796422543267 0.15657113410470605 0.9897328110356765 0.47195654959499966 0.3572218064606866 0.7916887178086748 
2.779332140896439 0.44999999999999996 0.81 0.4 0.8021428571428572 0.776111956749242 0.005447726678943554 0.4064900608896032 0.6650915794561904 0.5052064104587798 0.5199958081174314 0.8284873994958518 
1.2788780041348846 0.44999999999999996 0.85 0.4666666666666667 0.8407142857142857 0.9997420398918798 0.9964837234343477 0.37266712700338134 0.26066026658329194 0.38585376580823044 0.750919605278959 0.972570028336173 
7.250427947916051 0.5499999999999999 0.55 0.5333333333333333 0.5417857142857143 0.9996473197567536 0.09630102634750778 0.9639768656728255 0.9998877657477824 0.49392706142713144 0.4842641821956502 0.9923448966865436 
5.385674729657278 0.35 0.35000000000000003 0.33333333333333337 0.3557142857142857 0.9993574404800679 0.13401581390651296 0.9555576005342202 0.9994223161644611 0.8539708266460592 0.33135664722194214 0.7613483181734427 
6.936669415718419 0.25 0.65 0.26666666666666666 0.6417857142857143 0.9992936305701577 0.10725027231023157 0.4303310063493697 0.999840748038536 0.4562506789816393 0.3996143759061746 0.9699043365401235 
6.728114482216437 0.15 0.73 0.13333333333333333 0.7214285714285714 0.999571528087824 0.08721212734879608 0.3286381470842166 0.9997446589071458 0.4841031439268251 0.4385735444533242 0.9812163955286095 
5.537609094993682 0.44999999999999996 0.31 0.4 0.3092857142857143 0.9987486450844011 0.8734561185954545 0.9304666868351827 0.9908925774331298 0.9610977548422779 0.48464359918614663 0.7784762491942031 
4.4579682007711705 0.85 0.63 0.8 0.6292857142857143 0.9986861426211072 0.9318520917091567 0.7459805424074042 0.7241234675324548 0.4780145580153243 0.5236165589953192 0.2154443725209777 
6.732978940448563 0.05 0.6900000000000001 0.06666666666666667 0.6803571428571429 0.9996525558022374 0.01706303547708322 0.326807063734542 0.9999227430320117 0.4616869070246202 0.6691895886826653 0.09603614094361329 
7.029331050472725 0.25 0.61 0.26666666666666666 0.6046428571428571 0.9998958490665949 0.13428308297660838 0.626339040434017 0.9999735110037381 0.45737206192873486 0.3617829673663832 0.9786268800883672 
6.567355943009301 0.25 0.85 0.26666666666666666 0.8435714285714285 0.9993239155869658 0.06581118117971332 0.21977777944722715 0.9997352503785674 0.42949109833342025 0.33345441369884815 0.7657087134168514 
6.625811309241088 0.15 0.87 0.13333333333333333 0.8607142857142858 0.9999134733739018 0.025079200627319637 0.2227564105100729 0.9996582767511608 0.5538612920145833 0.5081227140717297 0.06296479575996475 
6.491062728530079 0.05 0.93 0.0 0.9225 0.9999219646013042 0.012916528082671633 0.1721582361800043 0.9997923095871007 0.5533360310251162 0.5294798331989625 0.06248382788656782 
6.685218597246569 0.05 0.87 0.0 0.8617857142857143 0.9997896709892029 0.017178090502164914 0.21321878657682317 0.9999224174238205 0.4481229851185476 0.7193145615782187 0.12743127121014286 
5.9715697122904725 0.15 0.37 0.13333333333333333 0.375 0.9987399986453399 0.06161834862324031 0.9542772110018891 0.9992725280396851 0.8095490092265061 0.25706855038897103 0.6939050743973628 
6.562198673988114 0.05 0.91 0.06666666666666667 0.9021428571428571 0.9999022717379461 0.0287479366496012 0.19173844234909412 0.999672062468615 0.5610714113575149 0.5090733273208446 0.0620238575673055 
6.41889421529898 0.5499999999999999 0.61 0.5333333333333333 0.6078571428571429 0.9995297234417546 0.09870016950778554 0.5486164428872674 0.9997973988795132 0.4059375744778641 0.40988520633535197 0.7720743458234803 
5.60037198391976 0.15 0.41000000000000003 0.13333333333333333 0.4125 0.9837054589751898 0.07629784522007427 0.9425262621286773 0.9993640028298535 0.5549325447664296 0.670716230262418 0.0446224063377475 
6.782488541781442 0.15 0.49 0.13333333333333333 0.4857142857142857 0.999888050223926 0.08564482299421987 0.9782692596523683 0.9999753055318366 0.5613081774143481 0.6714163126350035 0.08950019395822041 
6.73621627025659 0.15 0.7100000000000001 0.13333333333333333 0.72 0.9998001449465075 0.10458996124669932 0.3422732722056696 0.9993708037792025 0.4747541672687463 0.4445486125324084 0.010420443127923737 
6.841686363746299 0.15 0.51 0.13333333333333333 0.5196428571428572 0.9994085855015625 0.0009998771838962157 0.913233238146569 0.9999745337343229 0.5912512118381332 0.6737620715632534 0.0930037901281984 
6.7726502892146545 0.05 0.75 0.0 0.7442857142857143 0.9990892140244882 0.010655211712932003 0.2773813724895418 0.9999402967522135 0.42733471942244877 0.6931315806581255 0.09863651696718576 
6.582557433467146 0.25 0.81 0.26666666666666666 0.8046428571428571 0.9992097051041074 0.0736555986121498 0.2331999219545472 0.9992861744544634 0.43221323077326507 0.33801098224864023 0.7710964706484456 
6.419202479072937 0.15 0.93 0.13333333333333333 0.9267857142857143 0.9983533481214947 0.03609230936923571 0.19209211997382303 0.9999569209423388 0.5191319160322587 0.49997938619139976 0.018732646538336114 
6.473411491182649 0.15 0.91 0.13333333333333333 0.9053571428571429 0.9998930386261018 0.03185104756934973 0.19021112420394162 0.999964263220712 0.5201483759038572 0.5328622272157824 0.04709906635918533 
6.843802745594342 0.35 0.43 0.33333333333333337 0.4375 0.999638933391424 0.08427885649032617 0.8875733779756776 0.9998789362002298 0.476482391509512 0.563030220084368 0.9637972025513301 
6.977302406562059 0.5499999999999999 0.41000000000000003 0.5333333333333333 0.41892857142857143 0.9986091292570329 0.18468127128329595 0.8617718551289453 0.9998648357447244 0.4360204905457229 0.508059064615553 0.9510004890835924 
6.903609605080356 0.25 0.47000000000000003 0.26666666666666666 0.465 0.9983495300678911 0.10341521904909773 0.9776175949135256 0.9995991369706806 0.5275000074375985 0.6108684780380003 0.03444005993900063 
6.12856643157195 0.65 0.5700000000000001 0.6666666666666667 0.5785714285714286 0.9982952868110864 0.0568794655429401 0.9728529128550705 0.9997842764884721 0.6827887244095842 0.377144472948574 0.14322893460876984 
6.602919394879858 0.05 0.89 0.06666666666666667 0.8803571428571428 0.9999006703469032 0.025389338039553278 0.2059743960846971 0.999976109760899 0.5624213316250578 0.5018140262470124 0.06205546466377173 
6.9943253766452855 0.25 0.63 0.26666666666666666 0.6246428571428572 0.9998708450684426 0.08614529403412309 0.5051216471226483 0.9997839828834308 0.47106161759290316 0.4183087576619944 0.9770160759009678 
6.444917776664382 0.25 0.91 0.26666666666666666 0.9017857142857143 0.9989394721407766 0.007684747430479907 0.18912649910076346 0.9995893249176763 0.4573756513694086 0.3519926832291772 0.7818549448730258 
4.235081045179458 0.95 0.75 1.0 0.7417857142857143 0.999518439145554 0.9941999486217725 0.6579702949723611 0.6573429327993288 0.5041738999946432 0.5326151555064101 0.26234234078602564 
6.855381027815371 0.15 0.67 0.13333333333333333 0.6653571428571429 0.9997634865077156 0.1176924519918635 0.3788984228143436 0.9991763444653646 0.4628283920693112 0.4132783747428984 0.9829032191099254 
6.175423032271642 0.35 0.8300000000000001 0.33333333333333337 0.84 0.9950063206211378 0.1874402641869864 0.2275022274898805 0.998670477890056 0.43263647242747 0.40401864103620466 0.793340566559115 
4.56264137004105 0.44999999999999996 0.75 0.4 0.7428571428571429 0.9996050592867557 0.9253346817503774 0.5515495463109894 0.7449769784917373 0.5314957224159015 0.5496357247603002 0.25155032744738504 
6.756428627562389 0.05 0.73 0.0 0.7389285714285714 0.9990631197709068 0.00584583788547748 0.29159376328163067 0.9999638807591282 0.4203163391234694 0.6940860915279906 0.09751812999492201 
6.4732726507075435 0.15 0.45 0.13333333333333333 0.4514285714285714 0.9997522232346666 0.20435801477014837 0.8791587143732381 0.9996832913536652 0.5298333686289984 0.6824394968951722 0.0825413201914802 
6.885184373764821 0.15 0.59 0.13333333333333333 0.5892857142857143 0.998186864540644 0.00591802962772728 0.6300052763646922 0.9999931180593185 0.5978248725848053 0.6279051149326892 0.11543571975296552 
6.897479282556212 0.05 0.55 0.06666666666666667 0.5478571428571428 0.9997706483666732 0.004387111530797155 0.8925069616678937 0.9999067449555202 0.597577741269599 0.661397894001454 0.09747289819980424 
6.817882282052732 0.25 0.6900000000000001 0.2 0.6817857142857143 0.9999994721177058 0.13380808060922697 0.40705994765854037 0.9992057819538523 0.45730070866390665 0.42272193728938595 0.9794938797916692 
7.047261127550675 0.25 0.51 0.2 0.5160714285714286 0.9999489806015714 0.03412452619441973 0.9066314868048064 0.9996903677630433 0.5589718541382912 0.6125623154179363 0.08040081310050956 
6.564486883849569 0.25 0.8300000000000001 0.26666666666666666 0.8392857142857143 0.9993271883934673 0.07359324102119397 0.22061735666582188 0.9997329978769149 0.43136251843546963 0.33309356519095457 0.7650676567331958 
6.5370307105484935 0.25 0.87 0.26666666666666666 0.8660714285714286 0.9999572887588255 0.0784061247007686 0.21567406375213793 0.9986707513111485 0.4312362549823422 0.34383990951227256 0.7768956385591241 
5.23030819065663 0.25 0.9500000000000001 0.2 0.9403571428571429 0.869835864774626 0.012920650000441847 0.14723359869715108 0.9996700908648642 0.45389992486977593 0.372367702912018 0.7627144918880918 
7.3142851635912 0.44999999999999996 0.51 0.4666666666666667 0.5196428571428572 0.999978796614085 0.09960270159347002 0.9168420391270561 0.99988274388273 0.47591293320589284 0.48888840136953904 0.9762810912929044 
6.542762851409428 0.05 0.49 0.06666666666666667 0.49714285714285716 0.9994744353653452 0.002079936577867132 0.9508726289581452 0.9984690114119705 0.6061801747075948 0.693121986689419 0.123923194762234 
5.774143561031654 0.35 0.33 0.33333333333333337 0.3339285714285714 0.9991786138031968 0.17720366404823823 0.9552987431578637 0.9843451681447788 0.8513223187335469 0.3330525913868147 0.7523144720663507 
6.7342158796369125 0.05 0.59 0.06666666666666667 0.5992857142857143 0.9999221052648631 0.1422189717352091 0.4155872711887381 0.9999591506301397 0.47387788636756456 0.6924443800299862 0.11509537565876143 
6.653363855389255 0.15 0.85 0.13333333333333333 0.8435714285714285 0.9999407369147167 0.0326218864778494 0.2353718994217275 0.9999702393597854 0.5579817477391936 0.5005947575900969 0.06028861920977783 
7.0306048816346385 0.35 0.53 0.33333333333333337 0.5375 0.9996772081388658 0.008175846567714001 0.7304581320473514 0.9996939636970997 0.48494880582706257 0.5308776145686703 0.9882850063747328 
6.705158105318516 0.15 0.47000000000000003 0.13333333333333333 0.46464285714285714 0.9999491200760217 0.0789151387861259 0.9927413226578834 0.9998655700994082 0.5590136270363381 0.6765540112030431 0.09899408121148832 
6.501986777003731 0.25 0.89 0.26666666666666666 0.8842857142857142 0.9996237840910326 0.07764724820418349 0.19751761352393052 0.9986508539011567 0.43094763876110853 0.33635674671001725 0.769011121644677 
6.616139741834994 0.25 0.75 0.26666666666666666 0.7528571428571429 0.9986416946570228 0.07645037612298898 0.2692929294332364 0.9991855499309888 0.434120557193173 0.335186349606071 0.771936280851788 
6.889513368442909 0.25 0.67 0.26666666666666666 0.6635714285714286 0.9999002119637821 0.11000396619576713 0.4296572672862051 0.9998411420781014 0.45689058431997814 0.40865220818062803 0.9699021318927981 
6.817817112000728 0.05 0.5700000000000001 0.06666666666666667 0.5632142857142857 0.9999535824545669 0.00505506347301507 0.7487394716943937 0.9999212170299873 0.6078368304068005 0.6613952248112114 0.12410821798326573 
6.415158007934638 0.95 0.39 5.6 0.3942857142857143 0.9983585852365997 0.027201481446183 0.9648684817821123 0.9968928149775592 0.4643457170634126 0.42210590527958614 0.7523429438531878 
4.818329657752797 0.44999999999999996 0.25 0.4 0.26 0.9981821721132219 0.008884669968897412 0.9919266107578091 0.997103917594296 0.6007584597467652 0.6567538958792131 0.7546940437353393 
5.6719065013648 0.05 0.41000000000000003 0.06666666666666667 0.40785714285714286 0.9994634735574611 0.12889282407026623 0.9474630305478238 0.9997443799719039 0.8076195790007413 0.20882949442450616 0.6169125148796362 
1.2204306493547874 0.44999999999999996 0.89 0.4666666666666667 0.8892857142857142 0.9928849509383709 0.9673862284058242 0.14728982265417256 0.35870796913858327 0.2548868601373958 0.7665853360944096 0.9947457412448693 
5.673085287759882 0.25 0.29000000000000004 0.26666666666666666 0.2835714285714286 0.9987784820144532 0.19701556119702596 0.9523488775649269 0.9945909567669893 0.8904498104266015 0.32457185263987604 0.8379058852532381 
4.788774768811203 0.85 0.61 0.8 0.6096428571428572 0.9994929799762966 0.8618369786251981 0.9360525904829513 0.7989110754533305 0.492467991365796 0.5371527353883524 0.21832249242750038 
6.705335163883791 0.35 0.67 0.33333333333333337 0.6617857142857143 0.9993565500445715 0.11575897025217477 0.37979218918599955 0.9986402662855877 0.43201738319451244 0.37765896040124064 0.7858156982975716 
6.73937332433517 0.05 0.81 0.0 0.8025 0.9999136951916644 0.014498467301532723 0.24564654910803288 0.999927284843833 0.42864453640894784 0.7156893582482513 0.11508447928664409 
5.435557552380771 0.05 0.33 0.0 0.32 0.9999672827565989 0.09864529754965434 0.15816658473027406 0.9829554953451046 0.04044191020710147 0.16223808320928687 0.9506273011702243 
6.408211770608342 0.25 0.41000000000000003 0.26666666666666666 0.415 0.9961392832835283 0.2026818969876289 0.9026945392842067 0.9866440257015716 0.347572303537869 0.5507474129989027 0.003564635985668918 
6.047831957151732 0.15 0.35000000000000003 0.13333333333333333 0.35535714285714287 0.9998737876011161 0.10911388273799669 0.978653871059608 0.9995775811938439 0.7868349055050705 0.25185778139447573 0.7077485994305006 
4.433667731297154 0.44999999999999996 0.77 0.4 0.76 0.9992279713375519 0.9861590197558191 0.554572955652856 0.7153933698722658 0.5071154936441651 0.5372201644851247 0.2515074524109559 
6.617231125516138 0.44999999999999996 0.41000000000000003 0.4666666666666667 0.41928571428571426 0.9986686380997851 0.06188330161527307 0.9082843815643561 0.9998556753652131 0.45723320752315233 0.5241581515540865 0.9248085710048611 
5.9491113999249725 0.25 0.33 0.26666666666666666 0.3360714285714286 0.9988231922342767 0.20533498202563388 0.9492644944861904 0.9942945625787918 0.8640745628602753 0.32654861831057846 0.7765216207912893 
1.275319157852819 0.65 0.79 0.6666666666666667 0.7814285714285715 0.999168666437804 0.22254743191011045 0.8022792952417587 0.25158920441620647 0.6459230169122381 0.5168101079055476 0.15624889669907846 
6.537251545903164 0.75 0.55 0.7333333333333333 0.56 0.9987109974051891 0.07078265520406482 0.9953762239924425 0.9978555888306366 0.6127337379361679 0.3820347123910751 0.0958849093974718 
6.44216536421315 0.35 0.39 0.33333333333333337 0.39285714285714285 0.9950934199187166 0.11539661761268905 0.9429698141395088 0.9903415172899792 0.36021511750970814 0.5952564412237872 0.9878671476701346 
7.070096311113437 0.35 0.5700000000000001 0.33333333333333337 0.5767857142857142 0.9999675999469347 0.10017442126115395 0.6834645797168336 0.9991944973381381 0.48350721485185305 0.47748520544743245 0.9906504372428728 
6.670481166981967 0.15 0.75 0.13333333333333333 0.7471428571428571 0.9999509664036447 0.020661134245993945 0.2933016501631506 0.9998532242598133 0.5578628773671 0.49969458031338065 0.048310232991105595 
7.042487474649017 0.25 0.55 0.26666666666666666 0.5471428571428572 0.9993707512090351 0.03257981066541792 0.8461566094938802 0.9999945134042773 0.5522359306500606 0.5885746139308159 0.06630451740905184 
6.686979532064425 0.15 0.79 0.13333333333333333 0.7960714285714285 0.9998779531270471 0.006646838862159513 0.26299758529683875 0.9997056811080973 0.5524627985664127 0.5036081929022833 0.0548643249424244 
5.399852676103424 0.35 0.27 0.33333333333333337 0.2767857142857143 0.9978686500686587 0.20921744731934655 0.9283023702132502 0.9925422550942312 0.9372334430424543 0.32866511303080287 0.8300505415011405 
6.340468157448734 0.25 0.93 0.2 0.92 0.9989620856557418 0.03740392351218434 0.1599881805254137 0.9998642131403034 0.45352896639881424 0.3483253736679846 0.7747242855181979 
6.207758689192452 0.25 0.31 0.26666666666666666 0.31214285714285717 0.9959690566361726 0.11273796527499003 0.9887184665351502 0.9666943971957597 0.9156807603281216 0.31819554255742133 0.770723254843873 
5.956131813450367 0.15 0.29000000000000004 0.13333333333333333 0.29035714285714287 0.9954184229927729 0.1946577626072907 0.7060670146305389 0.9967271001760898 0.6889971728687339 0.8995193592022273 0.7427484688883275 
7.214621192530771 0.5499999999999999 0.5700000000000001 0.5333333333333333 0.5603571428571429 0.9999815441288153 0.10014764888104502 0.8930139683757624 0.9999058492116074 0.4856910610023382 0.46576695812252716 0.992929011692152 
4.083422878346595 0.95 0.77 1.0 0.7617857142857143 0.9997634161154019 0.9909705122035422 0.6596594098015773 0.663010242262692 0.4764692127733342 0.5322201704936709 0.25816314899593434 
7.10172511977595 0.25 0.53 0.26666666666666666 0.5325 0.9988137176919436 0.032574091581388104 0.9423013723485736 0.9999940540822572 0.552275228895693 0.5940925655138641 0.07409576103760807 
0.7593133954410886 0.35 0.97 0.33333333333333337 0.9621428571428572 0.9954590453997187 0.9979824574905429 0.1829769312313086 0.25852145275615185 0.38851159002722135 0.7523057900075675 0.9820110478094198 
5.830152471556365 0.15 0.27 0.13333333333333333 0.27964285714285714 0.9955506976796744 0.19240559700744164 0.5828273475360257 0.9827137897672101 0.6897940400885397 0.9107696687095237 0.7760655860215087 
6.934645845547449 0.15 0.63 0.13333333333333333 0.6385714285714286 0.9999727736766695 0.15104237985214192 0.42962670705574524 0.9999144154969956 0.4352758490805673 0.38044628133056335 0.9508806520104232 
4.2391114085731605 0.85 0.75 0.8 0.7417857142857143 0.9995186405060269 0.9943851235172125 0.6579434580183907 0.659467075875309 0.5041735539265981 0.5326566973790117 0.2624138164985691 
4.475196784144244 0.65 0.65 0.6666666666666667 0.6507142857142857 0.9998845677578655 0.988256364833511 0.7053088983310324 0.7375975054586549 0.4837793743704664 0.5504030287460211 0.23553974100551547 
1.2827396138308316 0.44999999999999996 0.8300000000000001 0.4666666666666667 0.8285714285714286 0.9993460316771762 0.9995140298850305 0.3882818637839103 0.26382184633096906 0.38583559208360413 0.7448091765644422 0.9652495393208457 
6.827635746252969 0.05 0.63 0.06666666666666667 0.6292857142857143 0.9993693779821967 0.1852555359836851 0.43208231034845646 0.9991706848728609 0.4338596354339651 0.3381167380386792 0.9637811237074566 
7.112323645976872 0.5499999999999999 0.45 0.5333333333333333 0.45964285714285713 0.9996671291425157 0.21426550177773396 0.8405759324359411 0.9998529381819993 0.4342003822849508 0.48388192527260726 0.9521033999725047 
5.462357846329147 0.25 0.27 0.2 0.28 0.9999209529611499 0.19355785066782796 0.883617301407306 0.9994975563855274 0.6103924900873748 0.8894050860312087 0.7582774909618742 
6.701706104746169 0.05 0.8300000000000001 0.0 0.8210714285714286 0.9999153066848278 0.03585181211180692 0.24206995625431585 0.999696543101521 0.41786624349449525 0.717382431336566 0.11862096240368898 
5.763185436573896 0.15 0.33 0.13333333333333333 0.32107142857142856 0.9985970425005555 0.19136270543091755 0.5779291498965012 0.999948296354866 0.6973401112682259 0.9465607179878546 0.775527104071197 
7.154946272330048 0.44999999999999996 0.59 0.4666666666666667 0.5821428571428572 0.9997189913118844 0.0849172618121467 0.8876121985697167 0.9998796152363203 0.5023438148150051 0.4696633788833083 0.9979404283346386 
6.898359477586786 0.15 0.53 0.13333333333333333 0.5378571428571428 0.9994082308390242 0.0010052195512709051 0.9091500557818802 0.9999745277684161 0.5912509906090243 0.6646588316834735 0.09295947166284606 
4.350997237647196 0.85 0.6900000000000001 0.8 0.6889285714285714 0.9997511484819351 0.9942692837475527 0.6848449684771255 0.6998175715988753 0.49241325879447806 0.5355984435199117 0.2540442170282167 
6.683218909442236 0.25 0.73 0.2 0.7285714285714285 0.9997522680279252 0.10467998957873803 0.34656869651681255 0.99986871483989 0.473738862755185 0.4552876351676186 0.009273766589067853 
5.4333616950330095 0.35 0.29000000000000004 0.33333333333333337 0.2864285714285714 0.9983570803840781 0.13608518294526037 0.9286918854429936 0.9945363214312346 0.9307025381531133 0.33155262895630044 0.8110952974163526 
0.3530903064127791 0.85 0.87 0.8 0.8621428571428571 0.9985966989628791 0.8584294255077065 0.54967166582124 0.09632397387983427 0.6673029742586519 0.743143653938133 0.9918466278592651 
7.09554022144112 0.44999999999999996 0.61 0.4 0.6010714285714286 0.9998960042432317 0.11786945889675914 0.6415247794504035 0.9999489699101878 0.46308065997072473 0.41327247119927707 0.9830149984758249 
5.3618030435085355 0.05 0.39 0.06666666666666667 0.39357142857142857 0.9986728958948496 0.17124358811359275 0.9926887665797339 0.9833473455815613 0.8434878000479977 0.23073507144584923 0.6285917546092206 
6.841556104168734 0.05 0.51 0.06666666666666667 0.5196428571428572 0.9982383378407285 0.007003277622507975 0.9170473161064518 0.9999876860015825 0.5978975418970347 0.6764809035928924 0.09319474972542356 
5.674322919013651 0.44999999999999996 0.37 0.4 0.3757142857142857 0.9988949306109906 0.07782282712284357 0.875825844285344 0.9855608436699232 0.5530017802992137 0.6610640233782921 0.01724494150648115 
5.623738650572741 0.44999999999999996 0.33 0.4666666666666667 0.3335714285714286 0.986293550858823 0.8508329873373912 0.8822172612260859 0.9839090990714229 0.9076847312624944 0.4024146207515006 0.7253179404210813 
7.021229190454352 0.35 0.63 0.33333333333333337 0.6207142857142857 0.9998789959901091 0.1088649137916313 0.541958071549213 0.9998949211442048 0.4653442839306154 0.4113115184098152 0.978559561583891 
6.684513207544037 0.15 0.77 0.13333333333333333 0.7760714285714285 0.9998884959118587 0.02853875143434328 0.2745697939278226 0.9998004367882709 0.5579579803181451 0.5014443300686153 0.05383658090095005 
6.889831690171569 0.25 0.45 0.26666666666666666 0.45035714285714284 0.9995805553540726 0.10179445596645116 0.968504360514486 0.9999604466504796 0.5229012948224108 0.6092181229850415 0.027696908975206134 
4.433698038733662 0.65 0.7100000000000001 0.6 0.7092857142857143 0.9998280499153889 0.9880409151238089 0.6564940024451255 0.7074158983603989 0.5090469486600995 0.5376087946348258 0.25963222916723855 
6.877850667410538 0.15 0.5700000000000001 0.13333333333333333 0.5778571428571428 0.9981265455379686 0.005915104594692769 0.6714809804548718 0.999995132670299 0.5976644419012698 0.6248305913347467 0.11542463086724852 
6.867475366263978 0.15 0.61 0.13333333333333333 0.6196428571428572 0.9989726206097934 0.21593543655990777 0.4384736027528072 0.9995500242595448 0.42500001911065854 0.3703083837215518 0.9741122712285382 
4.463558580093397 0.5499999999999999 0.6900000000000001 0.6 0.6989285714285715 0.9997707068646503 0.9858783862128259 0.6525775010546397 0.7161302660302439 0.5063146529041012 0.5320819500741996 0.2514206418251521 
5.991159283683481 0.25 0.39 0.2 0.39035714285714285 0.9993624869454703 0.21614956792885343 0.9047874960048082 0.9866458297801805 0.2938376472656175 0.4867831863543896 0.954740297145917 
1.586950736128199 0.5499999999999999 0.79 0.5333333333333333 0.7857142857142857 0.9989425927623251 0.008258466881824592 0.6728082421460017 0.28330559145087136 0.6438257610923019 0.6194346922431455 0.18352325634137642 
6.93004258501232 0.15 0.65 0.13333333333333333 0.645 0.9999722056298403 0.15103952960603392 0.4296415542074421 0.9999144234975749 0.4352762177324459 0.38044986869668934 0.9739000953234833 
0.24398576574399994 0.95 0.87 14.0 0.8603571428571428 0.9867973888623924 0.19514958005033162 0.9225172348970229 0.04078894235777012 0.6952852742088793 0.7746025940782126 0.9469792055645058 
6.642368506136522 0.44999999999999996 0.65 0.4 0.65 0.9955596132811054 0.10808387823254301 0.4228252702291113 0.999397988272606 0.42886457632467756 0.38513237542852086 0.7880206023202357 
0.25076892554896174 0.95 0.89 0.9333333333333333 0.8967857142857143 0.9988748209428419 0.9168609857242748 0.7582501137113694 0.09299827548674798 0.9450827498747186 0.7782753248984156 0.9266895171023324 
5.655633867056642 0.05 0.43 0.06666666666666667 0.42142857142857143 0.9984403108715169 0.19182482911871265 0.9926714642705148 0.9836055221675135 0.8425810324349048 0.22872246236418703 0.6314662487648316 
1.2598021971011468 0.75 0.79 0.7333333333333333 0.7807142857142857 0.9999913792926651 0.17100650137314724 0.8058697907706496 0.254968783782993 0.652404100504368 0.5343449295646555 0.15670187197448798 
5.39828209961369 0.25 0.25 0.2 0.2592857142857143 0.9989408661022143 0.19991963529435275 0.9948849043830992 0.9996227186251632 0.6752701662993085 0.953598030385485 0.7454986723960677 
5.07949966016753 0.95 0.65 2.8666666666666667 0.64 0.9998551124298976 0.007129602046534261 0.7154124084017839 0.6890082312892366 0.4876280867287823 0.49942977966147173 0.9750481765450486 
6.790666706651163 0.05 0.61 0.06666666666666667 0.62 0.9993900473339056 0.16646542769047426 0.4324199279869618 0.9992283207952904 0.4337734215254704 0.3380531349784516 0.9256974809067184 
6.507767729803053 0.44999999999999996 0.7100000000000001 0.4 0.7017857142857142 0.9985764566413095 0.18010414893280435 0.3415094172120639 0.9969667379214541 0.4058467821847259 0.44228359832972075 0.7762919645905856 
6.683024716192618 0.44999999999999996 0.63 0.4 0.6217857142857143 0.999209054308377 0.10041372138017388 0.42559633461393953 0.9993369826623839 0.4275218355404653 0.3717802361751268 0.7833998866270547 
0.35661929179615004 0.65 0.97 0.6666666666666667 0.9653571428571428 0.9991947878796243 0.991293650005426 0.2923755434013237 0.08905629742004499 0.2641775400614035 0.849641897640163 0.037473240207076576 
6.680836008036387 0.15 0.81 0.13333333333333333 0.8017857142857143 0.9999414729459806 0.03261224808053664 0.2560735517917327 0.9999727632766884 0.5579857078121718 0.5006009932591314 0.06148785240594373 
6.814742159800423 0.15 0.6900000000000001 0.13333333333333333 0.6803571428571429 0.9999045921176025 0.11174201236055507 0.3608889372498844 0.9999681137389784 0.4563270797685439 0.41005149681506453 0.9736597294575018 
4.274772144678225 0.75 0.75 0.7333333333333333 0.7417857142857143 0.9997648795554301 0.9915722158023487 0.6423847994285595 0.6832942410265987 0.4992530991144809 0.5355527724824699 0.26250539166402187 
5.359184421381783 0.05 0.31 0.06666666666666667 0.30357142857142855 0.9850777328368909 0.08463710972083122 0.9730246344007923 0.9861421254737788 0.9471275215720809 0.32206617900814427 0.8718110748840008 
6.64241457618673 0.44999999999999996 0.67 0.4 0.66 0.9995191632854057 0.10652515030033133 0.4071505184967984 0.9998780103230366 0.4157432337445035 0.4088997717850918 0.7942187231188903 
1.0584986666555192 0.44999999999999996 0.91 0.4666666666666667 0.9182142857142858 0.9975141331631826 0.9678478974241723 0.257331838806348 0.2596160892283313 0.3315805894239766 0.7520948484863905 0.9865563223361081 
6.678858945271256 0.35 0.41000000000000003 0.33333333333333337 0.41678571428571426 0.9997198610515254 0.09093889362941379 0.7882272878572629 0.9853585002464923 0.4305109744247315 0.5687808323329548 0.9596175495873941 
5.653788333254797 0.15 0.31 0.13333333333333333 0.30857142857142855 0.9875734513984298 0.16897328809107354 0.9782682562597587 0.992393964044795 0.727577579971539 0.17322065163191724 0.6918454151550975 
6.001060796824185 0.15 0.39 0.13333333333333333 0.38535714285714284 0.9995845724942911 0.10134457399712364 0.9686983372846264 0.9995893952415064 0.8114813653162193 0.25824747671426784 0.6806656470488194 
7.190875001328161 0.44999999999999996 0.5700000000000001 0.4666666666666667 0.5664285714285714 0.9995104047892878 0.10686306522921932 0.8430955301628061 0.99990625187802 0.486204889619903 0.4660574008544194 0.9938937237456109 
6.225183920031381 0.35 0.81 0.33333333333333337 0.8060714285714285 0.9997449723315865 0.10920350180649514 0.24819547381186274 0.9999443135970827 0.41595212963865635 0.4044630129937932 0.7415386059889374 
5.091216674732052 0.05 0.35000000000000003 0.0 0.3407142857142857 0.9995435669227034 0.18992509767034021 0.1403235545718941 0.9844870979184835 0.04149718401716254 0.14554711772334256 0.9421341458728993 
5.716300721571399 0.85 0.51 0.8666666666666666 0.5182142857142857 0.9992812557337825 0.030973028969791948 0.9512669677211829 0.9973036529639283 0.5539454553809742 0.40646267212202625 0.12393943795720742 
0.41988640317124193 0.85 0.85 0.8 0.8442857142857143 0.9906781927975384 0.9970219999409985 0.5774670625452735 0.09133723316630725 0.6807822900541702 0.7677261172700052 0.10762716419640872 
6.76141245647163 0.25 0.7100000000000001 0.2 0.7089285714285715 0.9999855890094238 0.1072303676694801 0.35089733942527496 0.9999314899537552 0.4732955023008718 0.44229652499904254 0.9985012443517892 
7.045032556861901 0.5499999999999999 0.43 0.5333333333333333 0.4392857142857143 0.9996046045451518 0.18286204314254567 0.8996279883586327 0.9995803828898026 0.43569015230935365 0.502526034495743 0.9525506881157304 
6.361312741651915 0.35 0.79 0.33333333333333337 0.7803571428571429 0.9997384194572868 0.11126964055944191 0.2597084979825864 0.9998007277029022 0.42440340163668305 0.4068118660980987 0.7405472453207756 
5.953726832906232 0.05 0.45 0.06666666666666667 0.4585714285714286 0.9983541027334162 0.010874975953486968 0.9679728878979561 0.9973156626480489 0.6127043144199192 0.6716025744924677 0.18049023467812514 
7.1157098073072635 0.95 0.45 3.9333333333333336 0.4592857142857143 0.9994914839114712 0.18457461232656638 0.8463753922365531 0.9998671283557522 0.4329231707809831 0.4797422277271826 0.9499034126280408 
6.1689787435560595 0.05 0.47000000000000003 0.06666666666666667 0.4764285714285714 0.9998492103705752 0.10046888912137311 0.9755233393173246 0.9991988521956129 0.6091646854411947 0.7023801321686468 0.18859557651943598 
4.954086793063894 0.5499999999999999 0.31 0.5333333333333333 0.31464285714285717 0.9998200019074324 0.08501597973778688 0.9806158512728109 0.9962427318911048 0.4783277669051482 0.6544373056714197 0.6139185343140556 
7.037281257506567 0.35 0.49 0.33333333333333337 0.49357142857142855 0.9996766299353407 0.18645902043983567 0.931789680558163 0.9991217683434447 0.515967670208046 0.5836814670001883 0.006462429989164908 
5.666026483218552 0.15 0.9500000000000001 0.13333333333333333 0.9410714285714286 0.9312990711724126 0.002408575869728015 0.2001505873531756 0.9685259826998347 0.5189188038352036 0.5071118671779731 0.03116811706921829 
3.9069557822742182 0.35 0.91 0.33333333333333337 0.9035714285714286 0.7851580832990801 0.011263769057805705 0.1956557868299838 0.9693379141571069 0.5052584343220686 0.47841219052834555 0.7957083302029717 
1.2432028645264341 0.5499999999999999 0.87 0.5333333333333333 0.8607142857142858 0.9996715042804821 0.9915775172394075 0.3500625504558592 0.26332454725914145 0.387611668064568 0.7572964904360072 0.9727714314865882 
4.399664629373851 0.75 0.6900000000000001 0.7333333333333333 0.6903571428571429 0.999746934770556 0.9742153079014982 0.6802410539778377 0.7019293102201284 0.5031365681475639 0.5355036430214106 0.25417972082709817 
6.657422415185731 0.35 0.6900000000000001 0.33333333333333337 0.6892857142857143 0.9984811692608818 0.10652798868171344 0.33851855205264997 0.9998886144000605 0.4311350770134786 0.3759791790434258 0.7680859249654869 
7.15298662132917 0.5499999999999999 0.47000000000000003 0.5333333333333333 0.4764285714285714 0.9997232192169695 0.21593129686166326 0.8298042968193436 0.9998293022906878 0.43838869225216887 0.48120133557185935 0.9435385675498611 
6.906923290465133 0.15 0.55 0.13333333333333333 0.5425 0.9994437902046113 0.0031261240400866155 0.9007645164123566 0.9999676644832511 0.5900380520304904 0.6609189171040579 0.0938472276640396 
6.6257839104954295 0.35 0.7100000000000001 0.33333333333333337 0.7032142857142857 0.9993785641968775 0.07259278978778917 0.31628111500622635 0.9998239848241711 0.43239466170389046 0.3730478019471573 0.7698130731761076 
6.996709832645294 0.25 0.5700000000000001 0.26666666666666666 0.5782142857142857 0.9983250494886641 0.20369979690921433 0.6235375119188956 0.999958097729531 0.39930442301651503 0.359417533277606 0.9489005500250506 
5.9747766654157966 0.25 0.37 0.26666666666666666 0.3653571428571429 0.9991426882732258 0.15261678095818532 0.9523149509226647 0.9907886204344498 0.8480255558651277 0.32727347710046417 0.7515011286882336 
4.37574668906394 0.75 0.7100000000000001 0.7333333333333333 0.7117857142857142 0.9995341359139095 0.9946271110521131 0.6589943461041561 0.7025260830485688 0.4892301990928375 0.5325929929109104 0.2524326810310817 
5.4250988865927035 0.44999999999999996 0.35000000000000003 0.4 0.3482142857142857 0.9993991668519058 0.6266251901563008 0.6685054348677104 0.992230203785671 0.47835732306155826 0.6901722507241413 0.7268969763785591 
6.114022302617284 0.35 0.85 0.33333333333333337 0.8546428571428571 0.999456462429642 0.19993204512805313 0.21353479350493831 0.9994384242411195 0.4259499938873027 0.41033623858843404 0.7934345930688488 
4.485737656692035 0.5499999999999999 0.67 0.6 0.6617857142857143 0.9997613362500062 0.9882492546522367 0.6896886864289558 0.737542855497551 0.48383930091837635 0.5515937651014851 0.23718403633819285 
7.078764979820523 0.35 0.61 0.33333333333333337 0.6035714285714285 0.9998802781813456 0.1340995835452914 0.6079095877765869 0.9995846783378437 0.45338505816979463 0.4111088616804398 0.9794943311937839 
7.071593430373147 0.35 0.59 0.33333333333333337 0.5996428571428571 0.9997626782335807 0.13171793017047997 0.6151968003154823 0.9996221199411355 0.46214824041060465 0.4105962504283871 0.9796935813648551 
4.418823283178316 0.75 0.65 0.7333333333333333 0.6435714285714286 0.9984457912853368 0.9806123777144653 0.7188869210949315 0.7324779408886332 0.48303318631158026 0.550480331107975 0.23672971709587587 
1.267841350092555 0.5499999999999999 0.85 0.5333333333333333 0.8410714285714286 0.9952891710621712 0.9973231071078333 0.37275129361388337 0.25893649132864655 0.38641352910160776 0.7573912646383 0.9752814193581893 
5.242811831446918 0.44999999999999996 0.27 0.4666666666666667 0.27941176470588236 0.992708974987748 0.8177406090211738 0.7971154630016368 0.9900747301539461 0.9564066220030798 0.3940153484272221 0.7833041377699513 
4.3014133523394085 0.85 0.73 0.8 0.7217857142857143 0.9995476456289246 0.99091328355084 0.654894989456698 0.7000849208658562 0.47714289461203263 0.5328874696464062 0.2538312250312241 
4.944996713689202 0.5499999999999999 0.35000000000000003 0.5333333333333333 0.3482142857142857 0.998850469312617 0.014288154745614498 0.6731569946614695 0.997834057992159 0.4350008157966949 0.6454318534778093 0.6408819285896687 
5.507939525407691 0.85 0.47000000000000003 0.8 0.46714285714285714 0.9996251105008173 0.850642533416748 0.9825015314583452 0.9403777312668449 0.43318658143698424 0.5019454712277354 0.14317889330331074 
6.983600379315551 0.35 0.47000000000000003 0.33333333333333337 0.46535714285714286 0.9996315317663206 0.19072846692214218 0.9320828401682907 0.9974274644242601 0.5011572204886526 0.5861835169677977 0.005117712338223446 
6.736034075390113 0.05 0.79 0.0 0.7989285714285714 0.9996557675998757 0.014545082557257312 0.24732796681729657 0.9999225085485974 0.4284398867027765 0.7166290072707552 0.11454800592324116 
4.346441139302116 0.85 0.67 0.8 0.6671428571428571 0.9997562898302892 0.9997806999781479 0.7034018372215816 0.6995783852559857 0.505983547517573 0.5358830749696214 0.26272902676552595 
7.0338941149366425 0.35 0.45 0.33333333333333337 0.46 0.9997833281837307 0.22640647179461504 0.9767498491222036 0.9999596312376225 0.4974736397940744 0.5829763321239313 0.9995071288279391 
2.954146871529834 0.75 0.33 0.7333333333333333 0.3271428571428571 0.9950372571446585 0.17577558886117595 0.9888470867661817 0.9889311724922001 0.4741954177187156 0.590051511868859 0.6080400417078999 
4.27517251636076 0.44999999999999996 0.79 0.4 0.7807142857142857 0.9989918378661972 0.9731314855334575 0.5672463885215039 0.6919905715660938 0.4933729108198085 0.5368100059699019 0.2571337265273235 
6.043558955594184 0.15 0.43 0.13333333333333333 0.4375 0.9998908717503713 0.08385862496614198 0.9614486062776748 0.9999619158296364 0.5538256261531627 0.6713202781796539 0.041189332444662496 
2.5999116451046116 0.85 0.79 0.8666666666666666 0.7832142857142858 0.7301344510818565 0.9143038603263618 0.6605138367247393 0.6504556980209588 0.5068896687577129 0.5327287314437822 0.2771365607211982 
0.45964927548244017 0.95 0.85 0.9333333333333333 0.8453571428571428 0.9997432875314725 0.9205410183331341 0.6515136357230816 0.09687474956103846 0.7198733862752291 0.6725078188014508 0.10741492593275154 
5.802492154455701 0.35 0.31 0.33333333333333337 0.3067857142857143 0.9987999317278691 0.13128944624090755 0.9525548106503902 0.9996351747428 0.8904477209671603 0.3287955324061445 0.756069144298308 
6.538670082304369 0.35 0.75 0.33333333333333337 0.7517857142857143 0.9993563129559425 0.1051731353470093 0.29282980706472156 0.999181894767223 0.4258640843481454 0.3783012182199504 0.7472055675852586 
7.106648399517623 0.44999999999999996 0.45 0.4666666666666667 0.4592857142857143 0.9996747410674638 0.21467114552374486 0.8309849652883475 0.9995875453497238 0.43526224391986273 0.4860919428050515 0.9527756978303488 
7.155024883389793 0.95 0.47000000000000003 3.8666666666666663 0.47535714285714287 0.999465936415734 0.19439623426146663 0.8395073050580845 0.9998333894324328 0.4382734539773181 0.4795583640973666 0.9429247201650764 
0.8767856342140475 0.35 0.9500000000000001 0.33333333333333337 0.9453571428571429 0.995157806522821 0.9914464692672248 0.21320171420494882 0.25909062359713136 0.38737511166313426 0.7571074740259136 0.9827497423623051 
1.0490056358629944 0.5499999999999999 0.93 0.5333333333333333 0.9210714285714285 0.9950579871689197 0.9940436289854517 0.25610196847824274 0.2591972804535265 0.33003556513705984 0.7527035784350443 0.9826353944503943 
6.072285951365923 0.65 0.59 0.6666666666666667 0.5803571428571429 0.9982383950465756 0.1252032219224956 0.9724481976589883 0.9997589420936657 0.6873639861968709 0.377107319406451 0.1483764196632265 
3.674281879346607 0.85 0.77 0.8 0.7628571428571429 0.9991843908900854 0.98824806333807 0.6502123065114402 0.6758012363285549 0.4757624472771457 0.5510192191968416 0.28471514390209884 
7.166437441627818 0.5499999999999999 0.59 0.5333333333333333 0.585 0.9997212033094196 0.10151284287606806 0.9322719572738556 0.9998435674961783 0.49939510597984277 0.46799746707359824 0.9995507072501612 
7.032257596707076 0.35 0.55 0.33333333333333337 0.5407142857142857 0.9996808203349254 0.00370509010019017 0.7362742094974649 0.9996977834851533 0.48502888780239484 0.5295961277574347 0.9882718740301464 
7.157650560940412 0.95 0.49 3.8666666666666663 0.4925 0.995640690982791 0.15129957554340415 0.8544909838711037 0.9990721672876147 0.4442341848773884 0.4758074108068634 0.945724567606649 
2.9368256365950196 0.25 0.19 0.2 0.19919168591224018 0.9940529037360528 0.16585068012454768 0.6912434816200985 0.9953281817697515 0.7231906821190456 0.9730612559698366 0.6460702728177713 
7.0633704691165216 0.44999999999999996 0.43 0.4666666666666667 0.4382142857142857 0.9999602109996707 0.21593204587458875 0.8176703449259152 0.9998293046893353 0.4270113061262127 0.4801434816416675 0.9435359603005038 
4.420612161513205 0.65 0.6900000000000001 0.6666666666666667 0.685 0.9996460513865634 0.9833344319240517 0.6834745744936174 0.7071967940568027 0.5242281382804405 0.5373527910955334 0.2649249431355364 
6.708011187282811 0.35 0.65 0.33333333333333337 0.6582142857142858 0.9992091568916628 0.11623063095098517 0.37980593061368007 0.9986443187864434 0.43085930611768736 0.37717425262276716 0.7850564145157016 
5.410770852541017 0.95 0.63 3.1333333333333333 0.6253571428571428 0.9995763587166917 0.1010035004555141 0.72457080959261 0.7461558862848477 0.46899938771130395 0.47661353215420865 0.978123736104036 
6.523545407607708 0.35 0.37 0.33333333333333337 0.38 0.9999881278198688 0.10721827360119292 0.9379486791665972 0.9998822466819545 0.3609273434536469 0.5955928947372794 0.9852193506597394 
5.159505856830821 0.05 0.37 0.06666666666666667 0.3625925925925926 0.9999892292814065 0.192720943359101 0.9895079236547898 0.9996574018768529 0.8741469468894008 0.2325010017662297 0.6248980095455634 
4.731216303708375 0.05 0.29000000000000004 0.0 0.286053882725832 0.9999799310641491 0.9895948694396183 0.9628379524831461 0.9661439659826742 0.02389251529334452 0.15827582709397653 0.9265542525008101 
6.5151211576582995 0.35 0.77 0.33333333333333337 0.7607142857142857 0.9987421015257094 0.07638532345930736 0.2932624898914877 0.9992034496288836 0.4252477475158747 0.37814858977338267 0.7488771924699126 
0.6114268733045832 0.44999999999999996 0.97 0.4666666666666667 0.9614285714285714 0.9999459435767875 0.962103926247477 0.1832018776626194 0.23116387017442802 0.3847040265142807 0.7518810624338974 0.9821499452399911 
5.674120914912146 0.5499999999999999 0.65 0.5333333333333333 0.6432142857142857 0.9993204041293986 0.8761268135325178 0.718983800185552 0.9900008759586553 0.4687182994269097 0.4690343543263555 0.20205098737581217 
6.755437274895594 0.25 0.43 0.2 0.43714285714285717 0.9983300762290098 0.10827127713899144 0.8892332522346775 0.9952751758752308 0.5287229597206103 0.6114860610551632 0.040304991148296554 
4.513741548614012 0.05 0.23 0.0 0.22545454545454546 0.9994297289291006 0.8781495493830527 0.9313690124319519 0.9997309163598839 0.059450124562567985 0.15330458718353077 0.05459592374904537 
7.312822344478836 0.5499999999999999 0.51 0.5333333333333333 0.5175 0.9995604210008344 0.08358546311842786 0.9145276163640677 0.9999694092149538 0.475788507586647 0.4815098504033741 0.9757622151557174 
6.516789671386764 0.65 0.47000000000000003 0.6666666666666667 0.4660714285714286 0.9982163753921837 0.21619659741077257 0.782548469243861 0.9991187419277817 0.5142619051297911 0.47817541815538805 0.7803811925612133 
1.1606687284946327 0.5499999999999999 0.89 0.5333333333333333 0.88 0.9998159946118016 0.9676219434503649 0.3218461355209556 0.2604114625149514 0.3864450783405372 0.7600008646209583 0.9701031736380664 
1.0961201655488544 0.5499999999999999 0.91 0.5333333333333333 0.9017857142857143 0.9944871475919229 0.9677872349850134 0.28542599694470316 0.2591924837781233 0.32950145669881986 0.7568576980139491 0.9827255462030068 
2.8031421040777307 0.35 0.93 0.33333333333333337 0.9228571428571428 0.7764435913195546 0.011264191356379955 0.19568621091086444 0.6977233447786833 0.5052601769776408 0.5233325250708347 0.8508641812395051 
7.179541041019082 0.44999999999999996 0.49 0.4 0.49964285714285717 0.9997974481520305 0.09896821096361583 0.89630084913244 0.9999663846221671 0.47579799618348495 0.5191206683346988 0.9720262580847387 
6.356810543929911 0.85 0.59 0.8666666666666666 0.5842857142857143 0.9991656386343966 0.03447809883339506 0.9804397324257497 0.9998944249395876 0.6838049482171332 0.38752013506387406 0.11208442201223874 
7.00876905337214 0.35 0.51 0.33333333333333337 0.5064285714285715 0.999702522079629 0.18809894635495178 0.9297954120104985 0.99975072690266 0.5259984694724639 0.5778898154998657 0.022691137584071333 
2.759243889012129 0.95 0.79 1.0666666666666667 0.7828571428571428 0.7566004124601902 0.8993499151259641 0.680655954557217 0.6470574898396372 0.49440291982702744 0.5287757908709385 0.28110822505539346 
5.658300094587919 0.65 0.37 0.6666666666666667 0.3757142857142857 0.9957525173721188 0.21478507432202698 0.9650364430377224 0.9991411097481491 0.40414112926749257 0.5592720842585807 0.8226168884830618 
6.603395356481474 0.15 0.89 0.13333333333333333 0.8817857142857143 0.9999032546208556 0.03063303130347182 0.20866714506882367 0.9999566141193746 0.562425164800353 0.494264761397312 0.06301304036100489 
4.418406139032873 0.5499999999999999 0.73 0.5333333333333333 0.7235714285714285 0.9998379240212024 0.9883023157639537 0.6396271685766625 0.7073740736120975 0.5089397392042015 0.5361898545624892 0.26131152596601187 
7.225626623828893 0.95 0.55 3.8 0.5432142857142858 0.9999020720920928 0.10224442259290091 0.9000649009202051 0.9999071018189675 0.4806156925042963 0.4694431022916081 0.9926743950052647 
6.5667164675546355 0.35 0.73 0.33333333333333337 0.7210714285714286 0.9986301555173802 0.10749211373288091 0.30561145064804546 0.9991295754749737 0.4339642454064335 0.37541622330990687 0.7666566443037316 
6.411555483797901 0.44999999999999996 0.39 0.4 0.3914285714285714 0.9956995647110797 0.07407680307876728 0.9425028762772137 0.9904115015041216 0.36504588983108577 0.5997513720502821 0.9941341385211662 
6.66206918683311 0.15 0.8300000000000001 0.13333333333333333 0.8235714285714286 0.9999416821686982 0.033886780780926946 0.24343857891711645 0.9999570677905166 0.5601453823212476 0.5005947553191366 0.07300489348053923 
4.290536616453587 0.95 0.7100000000000001 0.9333333333333333 0.7017857142857142 0.9997576606958555 0.9909477881704928 0.6845681252124564 0.6998119431627959 0.47882857765135334 0.5322234722044726 0.25392986456819483 
5.974230463601877 0.25 0.35000000000000003 0.2 0.3485714285714286 0.9990854966578321 0.14013953745273444 0.9600622122156954 0.9974663375741097 0.8959075453393072 0.30888329127892666 0.7631521493469855 
6.318694280444313 0.65 0.49 0.6666666666666667 0.48035714285714287 0.9993222242548416 0.14845575366758643 0.771192145401285 0.9987762460450563 0.46751085374323204 0.4732226905667193 0.7196387459110173 
0.38433663320152595 0.75 0.87 0.7333333333333333 0.8767857142857143 0.9999246877664604 0.9922279816251844 0.44685519549889996 0.09694432087009726 0.3783505607135218 0.8345515693075051 0.9889165782943856 
5.104897021669 0.5499999999999999 0.29000000000000004 0.6 0.29964285714285716 0.9979142234618243 0.9507741819410744 0.7726896636863961 0.9955232089099056 0.44160821853186005 0.5971465805471687 0.616569284281334 
4.304551076641566 0.65 0.75 0.6666666666666667 0.7446428571428572 0.9999933766009939 0.9880585809741066 0.6407223129872479 0.6864409214402286 0.4993088583280815 0.5377153653720426 0.25982501126177326 
4.338567743435747 0.85 0.7100000000000001 0.8 0.7178571428571429 0.999544633912198 0.9913359351182984 0.6552613822223184 0.7049982782810825 0.47709125919329154 0.5328859560019418 0.25235301740766647 
7.255126356103007 0.44999999999999996 0.55 0.4666666666666667 0.5403571428571429 0.9996801038443519 0.08445335876853675 0.9564435495770168 0.9998528354614356 0.49370729446410155 0.4838314260368688 0.986631008382013 
5.766754740650666 0.5499999999999999 0.37 0.6 0.3775 0.9984438913741133 0.1940918933837619 0.9597271417963021 0.9990316379441647 0.44746895322528135 0.5817359895615191 0.8423814751021556 
5.074380419422114 0.05 0.25 0.0 0.25397398843930635 0.9992123959383501 0.9852066930317671 0.9874635261150699 0.9921948316749644 0.04886635122212196 0.148908363386264 0.9430603931325094 
1.2242707027242035 0.95 0.81 0.9333333333333333 0.8010714285714285 0.9993434987913425 0.016864681171795626 0.719315478946551 0.2152365926714429 0.6604905112164502 0.6739951954614184 0.15838161199034745 
5.5301735410407655 0.15 0.25 0.13333333333333333 0.2532142857142857 0.9951880999223897 0.20427048736893844 0.93467782859976 0.9916143290596154 0.6940267998962129 0.9975581268087621 0.7107738338758971 
4.264325342961116 0.95 0.73 0.9333333333333333 0.7239285714285715 0.999583163306488 0.9939482614514755 0.6590507801948166 0.6988579665308752 0.47271827831804947 0.5307083435658472 0.25480480932396565 
4.2504179133326 0.95 0.6900000000000001 0.9333333333333333 0.6839285714285714 0.9997396716121892 0.9978646174281987 0.6865349752055444 0.6998118859791879 0.4788094693996037 0.5238263384747907 0.25182724671684653 
7.313102694095316 0.5499999999999999 0.53 0.5333333333333333 0.5210714285714285 0.9999647594912556 0.09959577828784216 0.912466951616488 0.999877228453601 0.47590145370778025 0.4887788969443687 0.9753624860926976 
5.988371370346363 0.35 0.87 0.33333333333333337 0.8617857142857143 0.9948971389607806 0.21021591225268704 0.21299226033803245 0.9990749085026779 0.43039999594564143 0.41126946902424805 0.7915127733468921 
3.935767822034867 0.5499999999999999 0.77 0.6 0.7607142857142857 0.9978239022181935 0.9505124963631055 0.638471062954855 0.6113642970091719 0.5271964862782831 0.5559025280354636 0.27332522896189515 
4.988742132054605 0.5499999999999999 0.33 0.5333333333333333 0.3275 0.9952026762427895 0.11953305200520983 0.9292600714084822 0.9866630316821836 0.5667306029733764 0.5052953403514953 0.700377914069737 
4.272830200290979 0.95 0.67 0.9333333333333333 0.6771428571428572 0.9999507475014165 0.9979671609382468 0.6866911237404806 0.7002187902532367 0.4821574951169373 0.5241847617738704 0.2515734629356396 
7.313731460630642 0.44999999999999996 0.53 0.4666666666666667 0.5207142857142857 0.999965592808334 0.09949637179366709 0.9126399847673874 0.9998856740152438 0.47603920899101515 0.4888356910518552 0.9753840965835261 
6.882710416786741 0.05 0.53 0.06666666666666667 0.5375 0.9983179033925141 0.01143672692810785 0.8929225205995719 0.9999731568983754 0.5987048738966756 0.6710036204926138 0.09684780142886948 
4.386178913125721 0.65 0.73 0.6666666666666667 0.7210714285714286 0.9997296691742684 0.9990393209951948 0.650188340000623 0.6995327755916823 0.505944497636219 0.5359482071281233 0.26204602727734777 
0.3786313489171944 0.75 0.91 0.7333333333333333 0.9125 0.9879585219720172 0.9860525514098286 0.47624396572304706 0.1474525567562638 0.12729196907488816 0.8343433776500416 0.017632095337384718 
6.735472930937204 0.05 0.67 0.06666666666666667 0.6628571428571428 0.9999730724417819 0.16695538521080414 0.3600432127475122 0.9998564785329206 0.4608293409326554 0.35027908165131477 0.9320313501833118 
6.291179974008872 0.75 0.45 0.7333333333333333 0.45321428571428574 0.9604812326273771 0.07811435708018699 0.9397908271728332 0.9934281030385249 0.5120665820684018 0.4877859065804444 0.7579473150624683 
6.275205160871387 0.75 0.59 0.7333333333333333 0.5832142857142857 0.9997792274533648 0.010983372483920367 0.9954620882550187 0.9999274261236564 0.6876649535411515 0.39231961790490777 0.125261021282348 
1.0019212192595344 0.44999999999999996 0.9500000000000001 0.4 0.9525 0.9991953620283337 0.9913287374687934 0.1630047287200767 0.3030989935799208 0.26425474998165766 0.7405428340420176 0.996896181158548 
7.16564253970318 0.95 0.59 3.4 0.5842857142857143 0.999970521777651 0.09936261138957893 0.7294641026892021 0.9997972588089414 0.4583279217083263 0.40733445592749895 0.9756095673544262 
1.1797124433791348 0.65 0.81 0.6666666666666667 0.8 0.9999176253010157 0.15041074995154682 0.8101032018913356 0.26139506428056464 0.6441162324766387 0.5330904937924206 0.12546961067746298 
5.920767401436169 0.5499999999999999 0.63 0.5333333333333333 0.6282142857142857 0.999955583724019 0.8745594816280009 0.747910799814566 0.9988145100032885 0.47132998115264135 0.4683483238986566 0.20452218141473638 
7.141964772261834 0.5499999999999999 0.49 0.5333333333333333 0.4982142857142857 0.999715289379768 0.10766955940066691 0.9931786907504517 0.9998431918868282 0.47420973820651846 0.5077339980565081 0.9850005473027817 
6.168971451481408 0.65 0.55 0.6666666666666667 0.5414285714285715 0.996631942142595 0.14756410461060182 0.6646447632680048 0.9919143423704622 0.43010661833535474 0.4195653152074997 0.714745655213317 
3.357222859795999 0.65 0.33 0.6666666666666667 0.3314285714285714 0.9615696630680336 0.10092043117888455 0.9792119318666136 0.5907641329459773 0.5016485064367269 0.6844058459406314 0.7938578345101198 
1.2749441746717596 0.5499999999999999 0.8300000000000001 0.5333333333333333 0.8235714285714286 0.9953135453758643 0.9972875771129645 0.36668523109827955 0.2761619488963677 0.38863302051223153 0.7713069861331763 0.9725346651329858 
4.612432523622695 0.75 0.27 0.7333333333333333 0.2767857142857143 0.9947894931503584 0.9517453493586032 0.9664749453176282 0.9839861003536795 0.9332577756374161 0.3854282880011088 0.9433208681395007 
0.9438408424553135 0.75 0.81 0.7333333333333333 0.8096428571428571 0.9974595217961146 0.7947768999141152 0.7056647433819547 0.2756632380109555 0.6621319419390218 0.625683313369404 0.13442871123415248 
5.341739378893029 0.85 0.45 0.8 0.45107142857142857 0.8236325122614754 0.08226258043921435 0.9763171951241306 0.999927132112476 0.5010078349984666 0.46881335996498763 0.8084259640864193 
6.1645934025956155 0.75 0.41000000000000003 0.7333333333333333 0.4092857142857143 0.9985095709590348 0.15570604737035446 0.9214967333873418 0.9991817350533057 0.43005485690870116 0.5172948906171282 0.7677774682207166 
0.4855443520632791 0.65 0.87 0.6666666666666667 0.8725 0.9991365069237439 0.9633755057491618 0.3862623119156297 0.1483267599057056 0.6757782109989563 0.7639048054219102 0.089313635565782 
6.707319550784437 0.95 0.41000000000000003 3.9333333333333336 0.42 0.9993612648156596 0.21522411587143922 0.8962088027837749 0.9699190242397097 0.40861477575283556 0.4868554668099748 0.954564386710284 
7.2767593253180705 0.95 0.53 3.8666666666666663 0.5217857142857143 0.9996006372751304 0.08400345744536869 0.8977455906010564 0.9999730842040708 0.47048800193702056 0.480683357872535 0.9713989305570359 
4.610880923358101 0.5499999999999999 0.27 0.5333333333333333 0.2742857142857143 0.9955233260410047 0.11552444901878155 0.9855508426136221 0.9711913472884831 0.5455971047780463 0.6476211082747495 0.7113256908708934 
0.34986379221258107 0.85 0.89 0.8 0.8860714285714286 0.9833682402847304 0.9633612411800065 0.39973539388788215 0.14292870793273252 0.9426479830516497 0.7729765653350635 0.9750277960984574 
4.93091970395678 0.5499999999999999 0.23 0.5333333333333333 0.22964285714285715 0.9864066926508626 0.7379045962314693 0.9633806145833032 0.9887382994939369 0.9469026723271571 0.4105263693987991 0.9835707055471463 
0.7048149647381368 0.65 0.85 0.6666666666666667 0.8403571428571428 0.9988073653298883 0.9216180308890238 0.6331874171583245 0.15223174699468056 0.6791832448376123 0.6787229407252624 0.12083258734544222 
0.7339117472589011 0.5499999999999999 0.97 0.5333333333333333 0.965 0.9952298738326085 0.9972540497322286 0.17812611605727424 0.25908954937333245 0.3885832399513925 0.7571883730585153 0.9818396563635888 
5.637207058029923 0.75 0.51 0.7333333333333333 0.5182142857142857 0.9997810913659945 0.009228239418052302 0.9913480667576237 0.9999295550596974 0.5821723127303232 0.3926320345323976 0.1250667312088898 
5.133726459028712 0.44999999999999996 0.29000000000000004 0.4 0.2832142857142857 0.9989373662104377 0.8729774914572213 0.9135494160155456 0.991061078921197 0.9460838013046137 0.3540587409952488 0.7806653761632961 
4.348667762645055 0.75 0.73 0.7333333333333333 0.7232142857142857 0.9997599361884841 0.9939414469293183 0.661410146143252 0.6905339537547801 0.5061339691855563 0.5354037122658201 0.262794040325899 
6.715145617714725 0.85 0.5700000000000001 0.8666666666666666 0.5721428571428572 0.9992539751464978 0.10921541630195855 0.9929700339844951 0.9999473678088381 0.6118354424466036 0.3790588259411476 0.06843183878113761 
4.484045055256486 0.85 0.27 0.8 0.26571428571428574 0.9991241592456486 0.9287591676939932 0.9787674527478865 0.966607545846602 0.9358485032068088 0.387120303392209 0.9491530714218851 
4.424276346865775 0.5499999999999999 0.25 0.6 0.2423547400611621 0.9951966757141447 0.0882359045130857 0.9825419183665812 0.9903729662091686 0.500411728213317 0.5861471913036437 0.635673719000618 
3.209511538022324 0.75 0.35000000000000003 0.7333333333333333 0.3560714285714286 0.9801965780953499 0.9393990233472678 0.9791206419547652 0.566839631815484 0.5321283039883549 0.6810685972270387 0.7778627371615686 
5.240798801372719 0.05 0.27 0.0 0.2710714285714286 0.9849233947867695 0.9949005034545244 0.6605130570435319 0.9833047256680392 0.9559874307480588 0.31004420197454263 0.852125609501331 
0.460366954863508 0.65 0.93 0.6666666666666667 0.9342857142857143 0.9987282984443508 0.9904295073288744 0.33414567835541203 0.15109368074107846 0.3859825869703545 0.905635847357817 0.9685576559499923 
4.378600122725297 0.75 0.67 0.7333333333333333 0.6778571428571428 0.99976712014743 0.9742143450326113 0.6858590288862586 0.6998544658727033 0.503343862503224 0.5355204685072055 0.25419414920441713 
4.8202570018232835 0.65 0.31 0.6666666666666667 0.3107142857142857 0.994578255081123 0.9946415618037094 0.9810137650209279 0.9901069048962279 0.43098790085096883 0.5883342940180206 0.629082632006029 
4.862310746532105 0.65 0.27 0.6666666666666667 0.2775 0.9993858801669303 0.10140871151670244 0.9825889251928083 0.9908094934439307 0.4456181183845422 0.5993884906243289 0.6328822649452381 
3.6857512210613956 0.05 0.21000000000000002 0.0 0.20941278065630398 0.9994074026316565 0.9726550730445772 0.9211554192819911 0.9875315045060091 0.05710770870648346 0.1308952883908392 0.05658152298554697 
4.691615349652645 0.35 0.25 0.33333333333333337 0.24392857142857144 0.9991081613661138 0.06504791797247711 0.7976437256144966 0.9920351004355026 0.6172609776572373 0.6214205813543031 0.779399000709401 
5.057361346812253 0.65 0.61 0.6666666666666667 0.6110714285714286 0.9994778292006733 0.9848938519296077 0.8326891732777049 0.8266874398269247 0.48362783830058953 0.5329275798349343 0.2316273807689932 
6.49080919324257 0.65 0.43 0.6666666666666667 0.43714285714285717 0.9932534130595316 0.035316168659212235 0.7821193330109867 0.9992691940356252 0.5141226418134991 0.4782791399176691 0.7801221463194101 
4.5089677669249415 0.65 0.29000000000000004 0.6666666666666667 0.2910714285714286 0.9952851023699298 0.09499711284343959 0.9293811766815193 0.9861288085951392 0.4389134239118787 0.5980218615557555 0.621755196928967 
0.5491032830824745 0.75 0.85 0.7333333333333333 0.845 0.998861531274812 0.9179605096102855 0.6514893146486235 0.1421042549714273 0.7199333266563877 0.6719797981076222 0.10767980971848264 
0.946354131156753 0.5499999999999999 0.9500000000000001 0.5333333333333333 0.9439285714285715 0.9950056846297767 0.9980823410622808 0.21563654145798802 0.25910060947465635 0.34726117409369667 0.7520559029076234 0.9862812209561882 
6.386392320000063 0.65 0.41000000000000003 0.6666666666666667 0.41464285714285715 0.9998886746363581 0.05860427323668499 0.7765760878438827 0.9992910976617916 0.5052585709596116 0.4779799454893302 0.788165190557485 
6.7024852916591975 0.85 0.55 0.8666666666666666 0.5575 0.9999651454449396 0.07820999837225368 0.9926437622401295 0.9993825818574089 0.6129802958856266 0.3747781569735451 0.07734647289721433 
4.774335416470524 0.65 0.23 0.6666666666666667 0.22785714285714287 0.9837781973223877 0.8561476778753017 0.9441171191854433 0.988627762699046 0.9788942227314879 0.4051247618145415 0.9513613392115668 
3.731800023538841 0.65 0.77 0.6666666666666667 0.7635714285714286 0.9990812338481584 0.9881917405036968 0.643031832462864 0.6767175150808845 0.4748463224802125 0.5711688303097948 0.2920865698308511 
4.914983716062946 0.75 0.61 0.7333333333333333 0.605 0.999497515092622 0.8742342439743692 0.9235227969610607 0.8214743199369448 0.48933219940178563 0.5350897756062144 0.22070953557534773 
5.699240418765903 0.75 0.49 0.7333333333333333 0.4928571428571429 0.903635724161174 0.11063076606203581 0.8028187049138275 0.9699462951809659 0.4922235934953323 0.479222057950924 0.7633065166222315 
4.850803482031221 0.15 0.23 0.13333333333333333 0.23714285714285716 0.9954941997880575 0.10819441465274636 0.9614991035157711 0.9696078631338124 0.6943573716635023 0.993725018491664 0.7128419459637987 
4.781490043118875 0.65 0.35000000000000003 0.6666666666666667 0.35964285714285715 0.9969065011263474 0.24396978219729665 0.9646329219880004 0.9869563882344563 0.39945819769829644 0.5669095912649436 0.8295956257436387 
6.213523183960536 0.5499999999999999 0.39 0.5333333333333333 0.39964285714285713 0.9993750545507385 0.11532751680003005 0.9999836304618797 0.9682637351554431 0.38513840547022044 0.5642697788065578 0.9469945310399939 
4.620870778770156 0.75 0.25 0.7333333333333333 0.24962908011869436 0.9985293633980228 0.9614807516094412 0.9420082687339554 0.9367152784647554 0.9898792750426496 0.39435673334920046 0.9695437084168835 
4.442157314203353 0.5499999999999999 0.7100000000000001 0.5333333333333333 0.7053571428571429 0.9998205517940851 0.9883029874203315 0.6566629331907451 0.7073729118391847 0.5084109083239171 0.5362333448705198 0.25432178552514145 
0.25076141300510346 0.95 0.91 0.9333333333333333 0.9014285714285715 0.9980995144502991 0.9193246545480483 0.7516791072144036 0.09278485304187964 0.9473056705187144 0.7782763030121168 0.927869968555352 
4.436146120173407 0.25 0.23 0.2 0.23324742268041238 0.9985113530013819 0.8046871869017627 0.9524684483159657 0.9973372220539418 0.6787402154842306 0.9479804902173292 0.7747914404845702 
7.306957478812415 0.95 0.51 3.8666666666666663 0.5135714285714286 0.9999790579588954 0.08361096948923158 0.9167353961885064 0.9998791620113879 0.47591346491947223 0.4806271654688749 0.9763306294733777 
3.130979196351592 0.5499999999999999 0.21000000000000002 0.5333333333333333 0.2163716814159292 0.9992354342620741 0.25953560845311313 0.7215412872420325 0.9925454746882905 0.49918662795104407 0.598376984396846 0.5984013262825245 
5.28917471971718 0.85 0.41000000000000003 0.8 0.4132142857142857 0.8455425016596498 0.04790539645163111 0.9213531321637832 0.9849369838403365 0.46326089551079497 0.49605065834950113 0.7868425391546392 
3.9107212571030208 0.35 0.23 0.33333333333333337 0.2268160741885626 0.998790247577265 0.11955138074716376 0.9530943331075545 0.9985951633600408 0.5570290911623802 0.9920979116968716 0.700567496380244 
0.8433173980279526 0.85 0.8300000000000001 0.8666666666666666 0.8228571428571428 0.997513335978748 0.7373656347943671 0.708283884441547 0.1733396864340459 0.6627226678479893 0.6239791822522998 0.1422227996525024 
3.5206804560210982 0.85 0.39 0.8666666666666666 0.3892857142857143 0.9925525499469162 0.8973488475501389 0.9676757857791624 0.9822951292639635 0.5159115660383482 0.3786952801336321 0.1800516745406333 
5.326344359437293 0.85 0.49 0.8 0.49892857142857144 0.9984859742456071 0.07225537020446376 0.9685562236488996 0.9998986896873386 0.5554411099912859 0.39197495801045484 0.126978126972387 
4.440086182047225 0.65 0.67 0.6666666666666667 0.6692857142857143 0.9997507789763286 0.9946869768333022 0.6795146250518439 0.714339388431606 0.505282438192134 0.5355845764916898 0.25430262701533335 
1.3843964433501526 0.85 0.81 0.8666666666666666 0.8003571428571429 0.9905437879851932 0.14941264655605385 0.6952098951343368 0.25500003428018303 0.6471236909570413 0.6181587818949276 0.15602662892784314 
6.142130994390216 0.65 0.51 0.6666666666666667 0.5092857142857142 0.9993103331464934 0.09900637001990431 0.6722444653046501 0.9991406119829191 0.4615566217650766 0.4123221731841876 0.7166314116588449 
6.1991512455120015 0.85 0.53 0.8 0.5382142857142858 0.9992535339136763 0.036103548981260294 0.9796966247395319 0.9999530067799876 0.6008985851051777 0.38548884203253947 0.1125325156671229 
3.796665889903924 0.44999999999999996 0.21000000000000002 0.4 0.2149122807017544 0.9999552292133184 0.21346806381049083 0.8751802135654172 0.9866212433234172 0.6524156126542494 0.6133005061843158 0.674021108584298 
3.600827021771971 0.85 0.31 0.8 0.31341642228739003 0.9911220773193172 0.16595393128299507 0.873399009937139 0.986726535942146 0.46648896904344966 0.4913533321156637 0.6557016545369293 
5.962796279376779 0.75 0.53 0.7333333333333333 0.5396428571428571 0.9992044620635345 0.09451719734625506 0.9921740525272587 0.9990124094592481 0.6093163322976125 0.38172899105486524 0.11572510209573483 
4.243813763011412 0.65 0.25 0.6666666666666667 0.24821428571428572 0.9923343744767484 0.9391425613645992 0.9648036355740078 0.9900299037630405 0.9428106414621427 0.38618708932749424 0.952893595667906 
4.954762463772742 0.95 0.23 7.8 0.2367857142857143 0.999239120167073 0.125917522108154 0.8905474091783465 0.9983071370778261 0.8707858926306611 0.3979873439687368 0.9396814904458884 
6.160471961972747 0.65 0.53 0.6666666666666667 0.5317857142857143 0.9983010970087374 0.17191170600068656 0.9356544644131758 0.9989062663116092 0.4825334646647282 0.4652668033537266 0.10632119656844369 
5.5435519377018885 0.25 0.21000000000000002 0.2 0.21285714285714286 0.9969553811945545 0.19717354723359287 0.9439338550606966 0.9935182415552566 0.6801773851996848 0.9959829779891878 0.6927942500874602 
0.500993666100083 0.65 0.91 0.6666666666666667 0.9135714285714286 0.9998093803461893 0.9963494943505946 0.36992546404808246 0.13987366940837326 0.36553142480881035 0.8872618151793626 0.9991417351154626 
1.0519192293084978 0.44999999999999996 0.93 0.4666666666666667 0.92 0.9950298634914857 0.996112991397622 0.2563663051009878 0.2590658487197509 0.337341340482413 0.7521304292795329 0.9863387064932746 
4.958236420393538 0.65 0.63 0.6666666666666667 0.6232142857142857 0.999469500407549 0.9020265646429863 0.8324129278980056 0.8245365693669298 0.4961580344260709 0.5355804267165089 0.23122264480829993 
5.963621129002033 0.95 0.37 2.533333333333333 0.3757142857142857 0.9991865872958107 0.014394251734504225 0.9532079006807856 0.9974145751904007 0.85132433471447 0.3392962990380478 0.7629452025560175 
0.5238561319741037 0.65 0.89 0.6666666666666667 0.88 0.9991307572825328 0.9706738397561038 0.47339341889534464 0.2017798432255088 0.15071708058427047 0.8788187138188472 0.018288207079064422 
0.3949153935649706 0.65 0.9500000000000001 0.6666666666666667 0.9435714285714286 0.9991476286168904 0.971675391678955 0.4832321588227477 0.1430400845159295 0.13136135418265638 0.8840290555797591 0.05896994020395191 
7.0426438287508635 0.95 0.43 3.8666666666666663 0.43607142857142855 0.9997048494607074 0.15125010158531352 0.8835153270525752 0.9995815116420921 0.41733625054588713 0.4794807323086306 0.9527913287297165 
4.610230047202706 0.75 0.37 0.7333333333333333 0.36357142857142855 0.9982264612564252 0.09276408081766754 0.8923497823509727 0.9978273175413115 0.5143440692967588 0.47837825870559264 0.780392572725231 
6.32536577237864 0.75 0.43 0.7333333333333333 0.43357142857142855 0.9912331932811308 0.16225648247484994 0.8760714282166028 0.9988145007660124 0.5149664802834775 0.47810077372293436 0.7801157832508848 
6.173324800181868 0.65 0.39 0.6666666666666667 0.3921428571428571 0.9897225043189286 0.05859544954732256 0.7738454768357368 0.9875035134483694 0.5044713402370533 0.47716466452229833 0.7944574364417891 
0.35107441787813803 0.75 0.9500000000000001 0.7333333333333333 0.9435714285714286 0.9954002671286292 0.9992803201165674 0.3450275320908315 0.0887486403418324 0.37745290678810317 0.8428513821069692 0.9887912884978136 
4.831672788946899 0.75 0.63 0.7333333333333333 0.6235714285714286 0.9994971723917965 0.6938082022740236 0.9330392508886272 0.7984266219144226 0.49470854428463035 0.5559579849938663 0.21865934600885772 
4.3473242044007145 0.85 0.65 0.8 0.6571428571428571 0.999543726147165 0.9763535456799118 0.7000122161333407 0.7000337697297507 0.5032587733161558 0.5330778637461467 0.25576081847552784 
6.5412171194725754 0.75 0.5700000000000001 0.7333333333333333 0.5603571428571429 0.9992529710561907 0.10927834631430053 0.9804215889776553 0.9999529600969572 0.6118300894714166 0.3854888883352801 0.0995296131757202 
5.3197285255737645 0.95 0.27 2.066666666666667 0.2714285714285714 0.9892259982951772 0.8957404949092219 0.9871403244397237 0.9640311592270456 0.9628332790526393 0.4066736520414493 0.7649668571516797 
0.92606134200427 0.65 0.8300000000000001 0.6666666666666667 0.8228571428571428 0.9876587568545852 0.8808862568080811 0.6555150851026728 0.2582132927764692 0.6549295228431514 0.672003536702891 0.1698703169957755 
6.243542219306167 0.85 0.43 0.8 0.435 0.9995415649795626 0.05523084366146985 0.9355493874130065 0.9829647243275593 0.44907281098136237 0.4722689810932523 0.6519924067974527 
3.69304291679838 0.85 0.37 0.8666666666666666 0.37607142857142856 0.999251969076322 0.03680188875958959 0.9951188397128494 0.9999410271224828 0.8364712807259215 0.3883879069723896 0.1121523531835467 
3.8107695378293993 0.75 0.77 0.7333333333333333 0.7603571428571428 0.9991655522799172 0.9815167689280213 0.6502452284316763 0.6713349485748433 0.47716055069227115 0.5688832552831153 0.28553851689118825 
5.292518483019891 0.95 0.25 1.8 0.2532142857142857 0.9977672037520349 0.06331328346973608 0.9647926222406046 0.9899187872804412 0.914856707613056 0.37410278559438453 0.9547929946371145 
4.406648100585959 0.85 0.25 0.8 0.25392857142857145 0.9995594682791281 0.9290724898351825 0.9616870600529628 0.9604226268536061 0.935504638891887 0.3889222419564149 0.9491308419132201 
3.2170158522868593 0.85 0.35000000000000003 0.8 0.34464285714285714 0.9988459597035577 0.9945086448658262 0.9824650667646758 0.8571225286917793 0.45785638801482803 0.5470195562808989 0.7636139356722929 
5.9886184255002695 0.95 0.35000000000000003 2.466666666666667 0.3467857142857143 0.9996384106888534 0.11813671631900301 0.9927006644147147 0.9974623715466853 0.8634319799351777 0.33865518220967006 0.7421582335642389 
6.133388098637977 0.75 0.39 0.7333333333333333 0.39964285714285713 0.9996846259932938 0.05973497506298078 0.8291674985052573 0.9992854264526342 0.5035706450618966 0.47829799761440844 0.7924634826231416 
0.3749696731929989 0.75 0.89 0.7333333333333333 0.8839285714285714 0.9995734811721827 0.9976931037257184 0.4466043997246398 0.09718925276584692 0.37759085672777387 0.834602712375799 0.9677189678916813 
6.54519348765291 0.65 0.45 0.6666666666666667 0.4446428571428571 0.9994060755989271 0.0842588277537148 0.7817356750178011 0.9992891767879037 0.5141281839084639 0.4807042788144946 0.780785002710548 
4.101483369424057 0.85 0.29000000000000004 0.8 0.2832142857142857 0.999505935764817 0.9417106197433144 0.9653071965779592 0.96038941345914 0.9355409038966938 0.38890982587007233 0.9488942435593736 
6.252855743475044 0.75 0.47000000000000003 0.7333333333333333 0.46464285714285714 0.9991917448491976 0.14180545217694435 0.9314117923331676 0.9997938506090167 0.4738805794585309 0.49737410669843385 0.7232288281687816 
3.643320463389405 0.35 0.21000000000000002 0.33333333333333337 0.21785714285714286 0.9953848648236195 0.17800880467067634 0.8853807619433611 0.9918869643581538 0.6417098040906445 0.6230760117374656 0.7799061719596866 
3.8597182343967043 0.75 0.31 0.7333333333333333 0.30464285714285716 0.9991361021591835 0.23576041671725026 0.9031629931514481 0.9943427894803584 0.42185744693706295 0.6067539896001537 0.5982860714310771 
0.2981043307199639 0.85 0.91 0.8 0.9032142857142857 0.9937262939016244 0.9986636201558171 0.4432259202839131 0.09153920948489341 0.96817583962116 0.8069890463976628 0.9806337095425324 
4.946031640967981 0.44999999999999996 0.23 0.4 0.2282142857142857 0.9949129695175962 0.0776709866907612 0.9270148570253267 0.9873584750235483 0.5616745357399615 0.6864251201119191 0.6685294215463513 
4.724082877058699 0.15 0.21000000000000002 0.13333333333333333 0.21630094043887146 0.9993470519501801 0.9312245587842408 0.9893240667541283 0.9622494677381479 0.7254348936342887 0.978823675268617 0.7233707736486327 
4.479245358621283 0.95 0.21000000000000002 1.4666666666666666 0.21522887323943662 0.989371858865346 0.010728686212827077 0.9347607058117163 0.9995919569419663 0.9765856165333251 0.40864945640326067 0.9296962033601772 
4.615576969154911 0.75 0.29000000000000004 0.7333333333333333 0.285 0.9836581740253791 0.9585341736874933 0.9434931049192877 0.932825791188159 0.9955125161638522 0.3950825548279909 0.9684986512333568 
5.968062132433706 0.95 0.33 2.333333333333333 0.3264285714285714 0.9953456541333037 0.14523491552920748 0.9653172374754707 0.9991163900401837 0.8854344175052737 0.3513082079326992 0.7767092354793514 
2.840908365095303 0.44999999999999996 0.19 0.4 0.19718992248062014 0.9937016652266596 0.16546203324961406 0.8749455309231726 0.9869985411031419 0.6459549291055697 0.6239305362791512 0.6459198594739416 
0.38520568429804913 0.75 0.93 0.7333333333333333 0.9214285714285714 0.9876153383529613 0.9915780177771664 0.49072552042732676 0.14314757443877332 0.13192600339036537 0.8369089205162379 0.023776200910358116 
3.6108155479865585 0.85 0.33 0.8 0.335 0.9992519120632312 0.037042976648582006 0.9950926877679998 0.9999390629145485 0.8437101284085831 0.3883743551535542 0.11296415096505452 
0.18990442020431167 0.85 0.97 0.8666666666666666 0.9610714285714286 0.9988244016170751 0.9944898563489123 0.947447519926072 0.03141503697861231 0.03317856081697745 0.8781081488246907 0.03821303859079356 
3.675839593867688 0.75 0.23 0.7333333333333333 0.23509174311926606 0.9999580641818814 0.9765936655857166 0.9435278213934262 0.9649629760706413 0.854489467980511 0.3946167763945141 0.043378789299722886 
0.2207975186180089 0.85 0.9500000000000001 0.8 0.9414285714285714 0.9940538862172132 0.9226311091766005 0.4278843266855538 0.09166471880566596 0.9993391602611739 0.8073082475704938 0.01397185215577931 
0.2879978818708923 0.75 0.97 0.7333333333333333 0.9607142857142857 0.9876712934830503 0.9915260130771665 0.29249639713773073 0.09831091299730815 0.26993547800494905 0.8370749077939837 0.02420682352287079 
2.78254714980426 0.35 0.19 0.33333333333333337 0.18427835051546393 0.9909060335726833 0.7407918173813746 0.9445239097380872 0.9887191937269123 0.9870739410532247 0.41124414153563993 0.9954588516130385 
4.24449528518439 0.95 0.19 7.466666666666667 0.19782971619365608 0.9993955670145647 0.9582819917396562 0.9425490417540369 0.9630572032582191 0.8834775004934727 0.3951615064802162 0.9449097713994448 
2.0644872749405825 0.5499999999999999 0.17 0.6 0.16117216117216118 0.9982648169385401 0.8521181394564588 0.9306995390384059 0.9997959490374829 0.9667702510248184 0.39458776955050323 0.969018341338243 
5.749408856734534 0.95 0.31 2.066666666666667 0.31785714285714284 0.998807894148513 0.13470476370161955 0.9212179777182958 0.9946174221439191 0.94337594749964 0.33552430756615503 0.8180458380045534 
0.2913548124365629 0.85 0.93 0.8 0.925 0.9938436998336583 0.9173262520749303 0.42788324025772395 0.09166433651662266 0.9737340798249303 0.8069899469062523 0.002418315567181986 
2.6702064611642187 0.85 0.21000000000000002 0.8666666666666666 0.21796338672768878 0.9988104952411858 0.9416177835666005 0.966909102660894 0.9992190370302159 0.9457256306303352 0.3545214771015291 0.9473730502148693 
5.722973432254448 0.95 0.29000000000000004 2.066666666666667 0.29892857142857143 0.9988104967437342 0.12138813714040847 0.9183579653601046 0.9944332652590105 0.9456702615187103 0.3360441755778769 0.8139111474221365 
0.21754156523284107 0.95 0.93 0.9333333333333333 0.9257142857142857 0.998149454384443 0.9957624466290723 0.7351568162330735 0.09177693106790027 0.9720387947921272 0.7745821099947249 0.9288935483334866 
2.6753240524903354 0.5499999999999999 0.19 0.6 0.19927536231884058 0.9984356903967422 0.8846784931955571 0.9301842174582404 0.9997334365316108 0.9667206548377941 0.39688792589311794 0.9674019300837838 
4.446035688980848 0.75 0.21000000000000002 0.7333333333333333 0.21916118421052633 0.9992358302359778 0.9998485317718024 0.9276193655032932 0.9986799105130817 0.9229644756399276 0.38862381640776233 0.939679097894998 
1.8999235835422144 0.25 0.17 0.2 0.17907801418439717 0.9926564325292152 0.940776234777044 0.9657219444766494 0.9995916856886335 0.9456339278597196 0.33998239098622696 0.9489613206237779 
4.798392696091706 0.85 0.23 0.8 0.23642857142857143 0.9995429403873303 0.9275732929745188 0.9800833300209478 0.966645839833243 0.9363852674074091 0.3873359210710156 0.9461610792724569 
0.19794372874246544 0.95 0.9500000000000001 1.0 0.9475 0.9988233860713723 0.9945318914625776 0.9463474389346216 0.03140448077521795 0.033776416848735405 0.7964542402731937 0.9671075634810173 
3.5507937167022274 0.65 0.21000000000000002 0.6666666666666667 0.204337899543379 0.9988534818192607 0.8212239505803988 0.951374521542718 0.9856513070575988 0.9810109271548257 0.3812078101190293 0.9679268125371417 
1.3658805671180445 0.85 0.15000000000000002 0.8 0.14383561643835616 0.9966571028925938 0.9531484505404756 0.9642581345823371 0.9990230435974302 0.9438658380600411 0.3580888946557713 0.947475427605705 
2.627476295185488 0.65 0.19 0.6666666666666667 0.19385026737967914 0.9993035906180283 0.8607460859021512 0.9430805646650267 0.9885026433262617 0.9594497577446562 0.388960306479767 0.9540061854918929 
2.661408664660625 0.85 0.19 0.8666666666666666 0.19170984455958548 0.9951942065980978 0.8844751936564145 0.9608967401596951 0.9987906393350369 0.9474507644067464 0.3556332338929665 0.954253552740834 
1.9196750358425474 0.85 0.17 0.8 0.17518939393939395 0.9945691319761539 0.9516768442862207 0.9663186414026063 0.9992178214949434 0.9435319268937336 0.3567395810321128 0.9474068039922181 
2.789095869346905 0.75 0.19 0.7333333333333333 0.2 0.9978903330840617 0.8894677316882696 0.9690184934089094 0.9952630676830367 0.46008945008923513 0.5914730631901112 0.5935025109873435 
2.341115017532173 0.15 0.19 0.13333333333333333 0.19382022471910113 0.9979118959882239 0.28018667070172115 0.9282548063817495 0.9925400276372588 0.9446245126883279 0.3284900551201389 0.9599382895188067 
2.3140158948431666 0.95 0.17 1.6 0.17874109263657958 0.9988329384288965 0.1627127848422742 0.9943644271104674 0.9991703213258677 0.9434487172880615 0.3800346044993392 0.9473753154878689 
2.2009544557321012 0.75 0.17 0.7333333333333333 0.17295597484276728 0.9977231513394814 0.982724875471126 0.9299835113935551 0.9987554103594705 0.931967999097737 0.38450277105984915 0.9421032441284585 
2.375485452206197 0.65 0.17 0.6666666666666667 0.17933130699088146 0.9977540157698999 0.9771226311459205 0.9321168629469704 0.9998315017176624 0.9327569720052368 0.38451113121503644 0.9420389282248862 
1.9086205304487522 0.05 0.17 0.0 0.17198581560283688 0.99509209951197 0.8000525824485265 0.9609378853697225 0.9927243509773455 0.9430827793604704 0.316411348440845 0.9578826503249278 
1.6515691285816776 0.5499999999999999 0.15000000000000002 0.6 0.15463917525773196 0.98994514569201 0.8370456490816651 0.9322569342786844 0.990562528509543 0.9852288402763276 0.40812076268749015 0.9649171114884896 
1.3687531873528005 0.65 0.15000000000000002 0.6666666666666667 0.1597560975609756 0.9921800899530636 0.9415060074240839 0.936514331475928 0.9933347550845562 0.9533962532628882 0.3996363406710471 0.9541722351782155 
2.425706451822251 0.35 0.17 0.33333333333333337 0.17857142857142858 0.9830987611522974 0.8249134923583247 0.9454826953738525 0.9879372695353235 0.9870920281799777 0.41128176377641745 0.9956650407198239 
0.7347440575301908 0.05 0.13 0.0 0.13942307692307693 0.9978030426590045 0.8033964541596164 0.9577922919663951 0.9925544305391661 0.9424613728832231 0.31511469088213884 0.9577657865929453 
1.0558823648602342 0.65 0.13 0.6666666666666667 0.13934426229508196 0.9841266174092955 0.8299318013780279 0.9403139631389699 0.9998257489374986 0.968204254512059 0.4052689074972085 0.9662226610595468 
1.0771613022044721 0.5499999999999999 0.13 0.6 0.13350785340314136 0.9992753533181146 0.8845798445160882 0.9311778917134489 0.9999535750958589 0.9601000838833803 0.3891066581690524 0.954031052797217 
1.1196735661735682 0.25 0.15000000000000002 0.26666666666666666 0.1577490774907749 0.9911015682138551 0.8722496603379932 0.9423870855954196 0.9326760233203066 0.9886220248636087 0.37484603332044497 0.9544715751883055 
2.2807946474653726 0.44999999999999996 0.17 0.4 0.17939481268011528 0.9939171365077357 0.08783800336468037 0.9740507498055777 0.9964614634241098 0.6200060454061769 0.6491850810710689 0.6052654705241653 
1.623324420912291 0.75 0.15000000000000002 0.7333333333333333 0.14622641509433962 0.9926240979788664 0.8935187189586322 0.9643679851856517 0.9995133816895245 0.9433145619718244 0.37537000997781705 0.9617339872756234 
4.106536340947509 0.05 0.19 0.0 0.19333333333333333 0.9913053159491886 0.9079359691742486 0.962078408185661 0.9877992793370285 0.9416119497778267 0.3067673023813401 0.9521500143958395 
1.5022842544141375 0.95 0.15000000000000002 7.6 0.15991902834008098 0.9992839914069196 0.9744965207103224 0.9607039521110876 0.9644065502261707 0.883479702825084 0.3936690735743013 0.9467398774142572 
1.7879623454284073 0.05 0.15000000000000002 0.0 0.15725806451612903 0.9977535587306967 0.8422500092378851 0.9265906269643295 0.9878200667319469 0.9417901417241686 0.3059188673795713 0.9500819892527178 
1.4183868213923898 0.35 0.15000000000000002 0.33333333333333337 0.1524163568773234 0.9996957901684459 0.8427161039384246 0.9330522807629661 0.9993836059482515 0.950318129063497 0.4076481488045272 0.9783138583502748 
0.23647468435077698 0.44999999999999996 0.13 0.4 0.1380952380952381 0.999353410400359 0.7264461987373911 0.9445334846734916 0.988018493296161 0.9871051431180635 0.41171978695639894 0.9902017418611829 
1.5745726422469437 0.44999999999999996 0.15000000000000002 0.4666666666666667 0.15162454873646208 0.998820426263867 0.7428295584861043 0.9445226868585663 0.9880214991686859 0.9870736221690687 0.41168053143426603 0.9956059380770483 
0.7090286358840324 0.75 0.13 0.7333333333333333 0.137987012987013 0.9992766312390305 0.9877645371656839 0.9279038756605712 0.9999760211928604 0.9201662512877582 0.38910424647264125 0.9405334223024386 
0.4858843813070126 0.15 0.15000000000000002 0.13333333333333333 0.158 0.9956012525028781 0.8994663175614308 0.9653171570216449 0.9991433425189965 0.9420638608299242 0.33831796773847983 0.9468985816914999 
0.34324333191330914 0.25 0.13 0.26666666666666666 0.1384297520661157 0.9998782122484764 0.8950818917611892 0.8944278065149388 0.9997452160361905 0.946732665607049 0.40953517499538356 0.9688934461254244 
1.713312090071205 0.15 0.17 0.13333333333333333 0.1673076923076923 0.9958725713335365 0.8224074718347113 0.9393911906642411 0.9995928104347467 0.9457050474534939 0.33688548815004615 0.9681289996055785 
0.33785861583353133 0.35 0.13 0.33333333333333337 0.13347457627118645 0.9875963983030694 0.8294113931929448 0.931602713654949 0.9881716262989825 0.9773886283311539 0.4080941688764159 0.9452431146022864 
0.18818051725944082 0.95 0.97 0.9333333333333333 0.9610714285714286 0.9989064324168125 0.9953557034808492 0.9405771282048618 0.03073244446659834 0.01568320528565431 0.8359773287007759 0.0579043723526636 
0.34974192125881925 0.85 0.13 0.8 0.13513513513513514 0.9994446481326793 0.9975899139360564 0.9279269194364097 0.9990250881701038 0.8882574542551988 0.3804780342445418 0.9540372386759627 
0.9409983242574657 0.95 0.13 8.6 0.1390532544378698 0.9978566679678804 0.8081027581883673 0.9662808573198627 0.9859439789762359 0.9044299921895708 0.40931257209623123 0.9783170082497079 
1.0166945293690963 0.05 0.99 0.0 0.98 0.9999635478969804 0.9393704186566793 0.11845460930693386 0.2901958749062951 0.42836614358014974 0.49376379802596165 0.9985006723715015 
0.9682280644396398 0.15 0.99 0.13333333333333333 0.9803571428571428 0.9948602966565416 0.941139301590695 0.11735420798164471 0.2871080274484078 0.43208852517894125 0.5013249528435311 0.9905584624119831 
0.17632658692617975 0.15 0.13 0.13333333333333333 0.1383495145631068 0.9989167169138147 0.976990492483039 0.9518077556279668 0.9659178957980639 0.8799695490708157 0.3548804851590518 0.9289249385929492 
